44 36 86 0.62
4.726608 9.228718 0.373051 0.761129
7.960030 -5.711954 0.648676 -0.479167
-9.201988 2.487288 -0.691606 0.068237
1.650686 1.199742 0.306914 0.139152
-0.514812 -0.463314 0.009368 -0.071850
2.570952 2.485476 0.288532 0.158468
2.502532 9.937197 0.011319 0.762505
7.460769 -5.947137 0.575273 -0.495232
-5.113933 -29.697805 -0.315779 -2.547847
-1.830378 -1.840714 -0.209141 -0.085495
-18.859969 5.697496 -1.510303 0.368894
-10.845232 10.595225 -1.082339 0.966247
5.866184 -10.796106 0.433565 -1.031782
4.248833 -30.319375 0.447143 -2.683209
18.502467 7.653185 1.780901 0.583409
-1.748192 -10.743040 -0.157758 -0.838091
12.682621 -4.957458 0.960244 -0.490334
12.400863 -8.232878 1.158589 -0.755462
11.834886 1.187277 0.946629 0.126644
-1.852589 1.228495 -0.149431 0.116254
-16.845581 -4.180400 -1.435224 -0.293226
-8.458281 10.441554 -0.741694 0.651504
-2.192851 1.836562 -0.159299 0.131690
-10.567885 22.601537 -0.863230 1.997597
6.046307 -7.295348 0.494318 -0.601697
-9.142227 19.986767 -0.850719 1.598280
-2.760324 -1.120479 -0.259756 -0.142948
-0.747164 10.395547 -0.134734 0.800358
3.682745 -1.453886 0.367429 -0.167319
-9.895668 20.507037 -0.914215 1.633768
-6.721651 20.639962 -0.609334 1.708130
-11.804906 3.297154 -1.134298 0.209284
-13.043696 -7.733509 -1.138260 -0.587481
-9.934381 3.310895 -0.831350 0.203174
6.546959 7.691403 0.515529 0.725610
1.806691 -24.688362 0.131614 -2.036096
-11.544828 22.386950 -1.010211 1.894434
14.837199 -3.805322 1.098825 -0.465741
-24.707674 3.557935 -1.969896 0.167694
-16.260188 16.995399 -1.340467 1.322775
-6.926643 -7.887841 -0.392311 -0.574016
4.670573 -9.362010 0.402395 -0.729983
-5.975252 15.928719 -0.713677 1.200410
8.671408 8.797172 0.750066 0.640260
