28 34 918 0.51
-8.741160 -2.543490 -0.617694 -0.142548
19.511494 -3.334318 1.196946 -0.283666
-9.364908 -1.869296 -0.566828 -0.279331
-11.392752 12.950116 -0.778962 0.846510
-3.487981 -6.885832 -0.303855 -0.408178
-9.718282 7.226011 -0.628404 0.631469
-0.465865 -0.252445 0.039241 -0.027795
-12.807420 -21.557299 -0.655164 -1.366102
-3.880604 24.849710 -0.328422 1.484119
2.823674 2.696726 0.109076 0.152381
21.352927 -9.764901 1.299038 -0.554406
-13.246607 -0.716420 -0.845980 -0.068280
-10.296550 -20.102144 -0.738234 -1.188437
16.882066 24.384343 1.067437 1.565193
12.704163 -3.323159 0.775070 -0.192889
8.935746 -7.855388 0.632847 -0.577882
-5.211650 -17.200164 -0.298924 -1.169005
-6.949926 -3.561018 -0.367747 -0.241457
21.020803 -3.648105 1.338272 -0.163456
3.343019 17.525218 0.095243 1.157333
-14.679938 -26.745090 -0.840475 -1.666124
-32.278703 19.296860 -2.086476 1.277687
3.349236 2.311494 0.202877 0.066108
23.260143 21.662747 1.441842 1.206391
-3.773358 2.275281 -0.377603 0.288863
-9.233756 0.733347 -0.556678 0.000615
-28.593013 15.149197 -1.765872 0.912333
19.404577 -4.544671 1.208666 -0.226892
