344 765 698 0.56
-205.203695 -64.943230 -1.548172 -0.479240
66.826357 -242.454023 0.497629 -1.813642
39.663709 3.475675 0.305609 0.023654
151.720101 33.280770 1.129439 0.248271
-9.288451 75.236697 -0.063706 0.555540
-41.785478 -248.420957 -0.322427 -1.877862
-169.854904 -40.361271 -1.270398 -0.304874
12.735369 155.861958 0.098587 1.167873
115.338948 2.019586 0.859997 0.012229
-183.999400 -58.812014 -1.388192 -0.440445
-125.393743 26.747304 -0.941917 0.206683
-70.605631 -167.292027 -0.524392 -1.257281
-64.385105 32.822190 -0.483083 0.245655
7.091319 13.055209 0.039492 0.106261
72.015997 32.700831 0.525153 0.233735
-10.600086 39.243416 -0.080906 0.304948
-116.616405 7.304351 -0.891850 0.059944
-55.967434 128.871736 -0.437679 0.960030
223.861953 143.130807 1.681394 1.070873
48.227147 -28.912910 0.359871 -0.214417
-197.760997 92.916364 -1.490212 0.704610
-10.834798 26.286214 -0.094943 0.203701
11.591004 -101.288523 0.092347 -0.759570
-60.737781 140.944085 -0.461883 1.064312
-20.222238 -103.568936 -0.156350 -0.778872
39.524094 100.089292 0.295014 0.752428
-335.906333 110.033815 -2.532488 0.827248
16.457376 17.774868 0.111934 0.141219
62.227527 75.524305 0.473049 0.559598
-21.032098 -103.073089 -0.158048 -0.766582
-61.763234 -284.146309 -0.460728 -2.124999
-10.729631 45.539436 -0.089117 0.346129
108.240725 -13.908172 0.815406 -0.091181
126.618822 45.050268 0.955477 0.338828
-6.884786 -53.474691 -0.060587 -0.407471
113.653093 56.451325 0.858206 0.441739
86.175981 -19.276479 0.639541 -0.145638
-5.635318 302.278512 -0.040015 2.258530
298.077798 297.330377 2.235955 2.226422
-160.653618 -92.993057 -1.196513 -0.705250
-164.082423 -207.023737 -1.235211 -1.567109
-65.614107 -86.898049 -0.492744 -0.659781
-51.810632 -1.004066 -0.382352 -0.008309
142.298218 231.458085 1.055375 1.741238
147.114526 105.863717 1.112899 0.798950
-114.443884 -182.353948 -0.867232 -1.375714
65.391148 7.837172 0.500504 0.048389
280.841060 -119.659672 2.122189 -0.915339
-78.564067 220.490143 -0.603114 1.645117
131.247928 48.281420 0.986055 0.381404
59.512276 -31.529543 0.449063 -0.236426
128.805926 92.296316 0.956547 0.698654
224.709707 163.862225 1.692192 1.217985
-34.176809 -250.074677 -0.261122 -1.871741
-141.032384 -98.783979 -1.046496 -0.747618
228.951328 77.715115 1.716165 0.588602
-68.871512 56.046440 -0.520296 0.406392
-10.780231 -43.667517 -0.086315 -0.324374
-15.779383 -9.668354 -0.113683 -0.077243
-99.013739 -158.299968 -0.732371 -1.179264
-145.821020 -52.778358 -1.093704 -0.390880
77.117737 33.527608 0.568169 0.248982
89.306346 65.068220 0.674755 0.478357
-53.091050 -27.050621 -0.404544 -0.203143
17.604550 97.016021 0.130819 0.727725
-280.149745 117.332312 -2.107436 0.881883
-41.464567 21.212718 -0.308132 0.156663
77.414234 -29.180380 0.569118 -0.215227
8.302855 -165.216314 0.059115 -1.238704
26.102077 55.807993 0.200441 0.423078
10.095623 223.055943 0.078997 1.684246
-144.026540 20.382909 -1.082630 0.148384
-47.271741 176.260332 -0.357068 1.331000
-5.259648 -147.328564 -0.046263 -1.114481
103.606915 -151.918412 0.776988 -1.139799
247.762479 -37.248623 1.856227 -0.286308
157.323696 112.083676 1.200408 0.855128
-143.122635 -92.702801 -1.071001 -0.698592
62.783636 -18.021266 0.480293 -0.135058
-31.207729 -6.580562 -0.221633 -0.039424
-32.060577 -179.690631 -0.232550 -1.348148
222.310384 -154.518796 1.674719 -1.151762
156.219802 -36.446301 1.166731 -0.275783
-49.690516 -113.685984 -0.377604 -0.857082
-48.718931 104.014637 -0.365955 0.781520
136.838372 29.572561 1.017772 0.231899
56.650478 -201.757013 0.416805 -1.517054
-132.781739 -70.443813 -1.007172 -0.536333
-71.991737 74.059458 -0.535770 0.551270
63.637646 -114.874852 0.475767 -0.874374
-18.767732 -21.399253 -0.134166 -0.156003
-248.659050 155.370830 -1.869214 1.166756
-25.169696 129.411136 -0.176466 0.985746
16.674258 -35.780180 0.120407 -0.270889
-167.709927 8.326428 -1.269910 0.058194
5.191171 171.583351 0.043039 1.288392
37.460395 -55.337015 0.281316 -0.418034
206.700272 -155.052050 1.546584 -1.166366
-73.316997 8.473007 -0.542847 0.060409
153.432976 67.907373 1.158823 0.517136
29.554059 -192.401415 0.227116 -1.448386
97.907772 180.007812 0.735361 1.356644
-122.576934 -136.472996 -0.916000 -1.031634
253.088979 107.589544 1.906488 0.813204
61.770414 160.842684 0.479462 1.213244
1.137560 -285.919083 0.001692 -2.147484
113.395800 -5.889778 0.848391 -0.040443
-358.922695 84.685535 -2.708903 0.643715
-144.458931 14.452548 -1.085199 0.109231
-101.657426 139.960105 -0.762269 1.055450
-144.989299 264.827330 -1.095214 1.982253
-171.621286 298.471619 -1.291424 2.254112
-14.744474 19.406487 -0.112318 0.144668
117.626765 115.959632 0.892717 0.864348
-37.882077 -40.609996 -0.295437 -0.298523
-150.318271 -71.196720 -1.135286 -0.529121
117.283028 64.423648 0.899557 0.481055
-122.489767 -67.160520 -0.933388 -0.507946
113.865570 70.988695 0.856396 0.532208
-68.124955 -60.010931 -0.528212 -0.444316
58.050432 -12.248953 0.433623 -0.084179
193.628726 -93.861092 1.461632 -0.686062
-35.772130 21.663100 -0.279584 0.162263
48.445687 4.362086 0.370670 0.041911
-164.463788 -145.716645 -1.240289 -1.083303
-181.297243 145.942394 -1.354952 1.095046
87.771433 -45.293027 0.657162 -0.341113
-288.186068 -90.147246 -2.165813 -0.685412
-44.645057 126.029840 -0.343617 0.940561
-18.700245 -53.777403 -0.140079 -0.397087
-44.636576 174.580886 -0.342421 1.310105
209.923824 -287.880806 1.574497 -2.153763
124.086786 5.285165 0.935046 0.042238
-291.451135 73.485797 -2.202450 0.548313
139.355727 156.209763 1.056423 1.158312
61.199696 -99.620145 0.450555 -0.741030
-112.053747 -207.561561 -0.849148 -1.575429
-242.830505 182.788539 -1.820492 1.379271
-157.647369 111.399626 -1.176828 0.830402
-28.229141 146.512526 -0.217695 1.094658
-139.575375 -60.952048 -1.040016 -0.473748
5.018828 235.366927 0.036849 1.764239
-146.146867 -315.603972 -1.105096 -2.358790
-67.016699 45.056341 -0.508504 0.330801
-236.616078 -107.339492 -1.766748 -0.797568
-0.508989 -163.148163 -0.001762 -1.233396
-34.999693 -55.933554 -0.264996 -0.417140
-22.231344 156.041139 -0.165003 1.164726
211.804125 3.170103 1.588038 0.019121
28.475783 158.615047 0.211115 1.177983
-340.910727 118.805458 -2.556080 0.892089
-153.217557 34.608242 -1.150876 0.242923
308.110282 33.601760 2.309061 0.247755
254.798222 -36.576786 1.921771 -0.271542
-83.814010 -115.688948 -0.644033 -0.867110
45.964345 -238.955613 0.344830 -1.787886
233.540929 -89.933898 1.742928 -0.674829
30.341374 119.920203 0.221336 0.890209
-181.900955 -126.920928 -1.368261 -0.949768
95.271085 -173.049410 0.706582 -1.284642
153.691913 23.373929 1.157530 0.164779
-94.006831 23.681404 -0.708889 0.181852
105.465851 2.620416 0.795348 0.020917
12.287959 -54.720804 0.079715 -0.420048
94.520535 -156.888891 0.712918 -1.173409
123.771631 -49.936685 0.937530 -0.372109
-27.182286 -6.348445 -0.205077 -0.047214
7.309448 -96.945070 0.061535 -0.745247
-136.606764 52.001926 -1.033622 0.384272
48.915595 15.170184 0.362537 0.119565
-104.930198 -59.373083 -0.783479 -0.437713
-51.581596 -100.582818 -0.385381 -0.754510
68.981224 67.798588 0.527219 0.508427
-113.945351 208.591843 -0.865525 1.582366
267.152563 -144.928509 2.016105 -1.078903
137.639981 -155.574793 1.044897 -1.171716
1.868685 84.075121 0.015076 0.626214
-152.973260 -139.642818 -1.148552 -1.051723
-112.812198 -36.881242 -0.848199 -0.265691
-107.385637 -63.565490 -0.801479 -0.477505
-194.852776 -62.314969 -1.468957 -0.476452
81.152541 104.346295 0.601200 0.787388
-5.566312 -168.013458 -0.048037 -1.264514
-129.099007 -21.774121 -0.963324 -0.171834
-29.961470 -342.012906 -0.214441 -2.571579
44.263529 -203.314957 0.329535 -1.516661
0.608344 21.920863 0.018615 0.152014
39.149646 -51.057196 0.305723 -0.387619
-257.304896 -277.270696 -1.938381 -2.085176
-47.439945 -86.525990 -0.365594 -0.652361
-77.989793 143.795995 -0.583854 1.080066
-167.889078 131.482762 -1.256864 0.989822
-377.709405 -18.486727 -2.846739 -0.145971
126.168288 271.614958 0.942146 2.029950
309.738901 -7.445998 2.330042 -0.059822
156.964268 31.909129 1.177871 0.240901
-191.742115 82.530459 -1.441922 0.617694
-172.050095 -161.528564 -1.300575 -1.202887
6.478935 -263.070878 0.061011 -1.977398
7.316771 -51.858066 0.045583 -0.394195
-298.828293 125.591316 -2.240612 0.938777
84.011200 -184.202887 0.631003 -1.383723
191.018016 -125.726625 1.447238 -0.929144
-21.831539 -26.494502 -0.144243 -0.205055
-289.172523 87.010686 -2.177384 0.656927
-77.424281 36.326070 -0.580864 0.269686
9.717601 -32.459706 0.065278 -0.247963
-11.293599 49.892359 -0.082954 0.379193
136.313184 -81.655218 1.027223 -0.610846
-9.229411 105.315747 -0.077085 0.796205
-87.341847 107.225604 -0.660099 0.800886
53.766763 -128.336115 0.397852 -0.966305
176.634859 123.363012 1.328775 0.934585
-62.875912 -86.986063 -0.472344 -0.650811
98.717204 -179.313949 0.757876 -1.342337
176.057544 59.423789 1.323311 0.446228
142.659843 229.282043 1.071921 1.718800
-179.451546 -12.142342 -1.352031 -0.098628
73.048440 54.507374 0.537512 0.410413
20.936279 133.545587 0.157746 1.007785
31.648530 -61.083057 0.244572 -0.470633
29.982057 -142.323358 0.222960 -1.081441
18.785774 -124.918503 0.125911 -0.939491
314.564435 -221.605126 2.366496 -1.665288
69.007995 105.425772 0.509520 0.783355
116.842957 134.395373 0.881278 1.015030
55.417177 221.764433 0.415201 1.669495
-39.605002 -119.418553 -0.302177 -0.889263
83.235175 53.409776 0.615592 0.395250
-94.736738 -175.027683 -0.707503 -1.314636
-47.499472 254.297401 -0.364536 1.905147
10.758075 -31.502742 0.078820 -0.247057
-130.417594 -14.166926 -0.973335 -0.100162
-83.912831 228.202232 -0.648441 1.714116
-14.504265 139.478050 -0.107448 1.053643
-98.241738 -65.501720 -0.737584 -0.486259
-91.450009 -14.467388 -0.688882 -0.115763
-150.155518 109.357947 -1.125668 0.817328
324.079955 41.104891 2.438937 0.313408
157.662044 -161.236426 1.165964 -1.220778
-33.048772 141.409863 -0.255915 1.055772
103.038773 -258.548347 0.783700 -1.942036
256.892277 61.187447 1.939305 0.452162
-50.796125 188.843954 -0.379866 1.422413
-94.125687 50.118846 -0.695607 0.393088
115.151453 60.642193 0.868959 0.457273
0.008009 90.606914 0.002979 0.680252
-83.951941 -58.212815 -0.627609 -0.430701
-30.747001 134.081453 -0.228028 1.003007
140.305129 68.565879 1.057685 0.518832
11.262974 43.285197 0.093800 0.315710
-130.285110 -55.543524 -0.981241 -0.414962
-23.157070 160.507767 -0.169961 1.202799
81.433849 -143.736307 0.620977 -1.079668
55.164432 227.459276 0.419013 1.714152
-26.485118 10.753718 -0.199336 0.080880
-54.009863 -30.524452 -0.406470 -0.219584
101.785394 141.068799 0.771004 1.060594
-57.565264 157.775613 -0.439101 1.185802
-258.052700 -47.906698 -1.935145 -0.361446
-182.589848 -18.130435 -1.363544 -0.137464
-139.347599 -12.947195 -1.047314 -0.089918
-193.961632 119.884275 -1.456471 0.891028
17.106831 86.928887 0.124165 0.647067
-81.528094 24.756656 -0.614457 0.181103
91.543959 222.531160 0.687888 1.681354
21.224533 78.506599 0.170982 0.596703
-122.402538 -126.165305 -0.908307 -0.958070
79.018483 -4.131209 0.602051 -0.045605
135.363875 -173.148816 1.025630 -1.302690
-185.207150 -43.990334 -1.393188 -0.336733
33.430520 -299.933067 0.236962 -2.250243
177.158332 166.452481 1.341639 1.254951
-106.013144 -24.053800 -0.789161 -0.194173
-86.969682 -258.365793 -0.673823 -1.943796
-104.725122 -47.108485 -0.786360 -0.350671
195.691977 116.356789 1.458477 0.879608
-144.345044 43.497463 -1.070412 0.325350
-81.041456 -9.729424 -0.609393 -0.067187
17.614555 10.090802 0.137352 0.073296
-0.021103 -235.975032 0.008434 -1.762473
104.525511 -95.311511 0.776723 -0.715452
237.559818 13.963897 1.784512 0.111401
234.669612 205.215295 1.764810 1.539662
-207.860485 -254.176316 -1.563723 -1.918024
-56.187978 -41.503612 -0.425039 -0.309580
-341.404787 -199.193362 -2.566466 -1.494586
76.539051 -176.504457 0.586187 -1.326326
-120.897013 -107.568224 -0.909586 -0.813010
114.693241 149.651159 0.860597 1.127380
-1.893714 -142.326947 -0.007628 -1.069897
37.977035 289.302198 0.280537 2.171063
-128.026127 391.664797 -0.954083 2.937132
232.497625 -19.293579 1.759906 -0.146122
-53.287990 31.417670 -0.394637 0.234945
200.597744 105.989220 1.505399 0.792392
73.091891 153.377350 0.552734 1.141990
11.903297 -207.819663 0.087263 -1.549677
59.151428 59.495342 0.450522 0.456703
47.549185 57.177167 0.363675 0.432155
111.341285 -162.373488 0.837516 -1.221003
-133.963786 -103.354278 -1.007714 -0.777210
-132.293506 286.931163 -1.002095 2.151450
138.963573 -127.661419 1.044639 -0.955852
119.942722 -24.236865 0.895406 -0.177565
-299.527123 44.742983 -2.243866 0.344128
-57.522416 -316.893206 -0.427354 -2.385669
164.093484 -135.786198 1.234186 -1.025261
34.630862 -95.229475 0.252498 -0.724536
142.485454 -53.488780 1.049787 -0.408751
-146.605250 -42.162785 -1.104843 -0.311495
239.645490 206.125694 1.808870 1.541295
206.709245 -4.041981 1.540890 -0.028105
-79.841524 146.185981 -0.598625 1.105512
-117.809396 2.354249 -0.895098 0.011569
-49.346133 -86.208227 -0.374269 -0.647117
-169.724825 -87.855978 -1.276733 -0.655184
-235.396632 -215.007098 -1.762652 -1.607633
121.446273 -63.824617 0.905170 -0.491802
89.872789 257.284287 0.670816 1.948757
-158.068780 -23.503846 -1.178285 -0.179271
-86.461005 -53.779503 -0.654766 -0.413310
-159.550701 -77.864536 -1.212346 -0.582002
101.239691 57.953651 0.774458 0.431978
86.604978 -88.688588 0.658386 -0.668063
45.432615 52.505318 0.344727 0.396318
-8.988570 119.062618 -0.063602 0.889347
-112.937105 344.826464 -0.847668 2.592508
266.657973 -94.818216 2.007748 -0.708372
-187.196742 -169.104795 -1.412875 -1.277512
-1.618115 -311.396392 -0.006043 -2.344099
-160.605417 -25.946003 -1.208871 -0.192860
-234.484869 -131.007747 -1.755244 -0.995388
152.955453 72.947902 1.142881 0.552721
-264.289300 -108.236765 -1.985230 -0.802185
47.985246 175.185965 0.353821 1.321805
36.957889 -73.780572 0.267123 -0.556195
217.437004 -189.252394 1.640384 -1.427499
-26.683002 -54.540514 -0.196712 -0.419021
84.082674 177.966991 0.635723 1.333808
-123.222478 -15.902230 -0.925714 -0.129544
-93.621812 -121.708969 -0.703420 -0.911134
61.379005 -223.381904 0.462588 -1.674973
-135.509759 -97.276617 -1.027726 -0.736015
