414 682 781 0.7
-154.560822 -82.243740 -1.176996 -0.632445
-49.062484 -151.895762 -0.378393 -1.161044
132.788642 156.857571 1.020365 1.199019
-23.244006 -78.000183 -0.175185 -0.598400
78.865004 -40.388155 0.607852 -0.318544
-99.579335 -67.335278 -0.768227 -0.513097
-28.721895 177.193909 -0.235661 1.349330
20.132963 276.158845 0.145527 2.104638
198.478468 240.214486 1.509548 1.837705
-145.597465 70.795136 -1.111084 0.526895
-14.249445 -274.009560 -0.106492 -2.088209
-53.833416 -27.550971 -0.401706 -0.210992
-105.744208 -281.041305 -0.806864 -2.132870
9.900011 -142.852667 0.077755 -1.090121
-47.426933 64.421334 -0.360226 0.495509
-51.976084 23.370191 -0.401440 0.181652
-104.145697 -201.610875 -0.802282 -1.532436
-56.072739 59.928714 -0.423554 0.451523
86.150361 -24.204891 0.651235 -0.192713
-69.913919 212.598742 -0.532244 1.626531
-59.875568 98.157434 -0.462722 0.755846
-58.675952 60.520228 -0.443597 0.456109
138.398977 -113.039037 1.047527 -0.860519
199.315137 -154.942284 1.523108 -1.184233
114.189856 -65.587652 0.857343 -0.504681
-393.169059 371.263832 -2.993702 2.821875
156.719547 -136.018956 1.206234 -1.039369
-154.249102 -81.219325 -1.190043 -0.620388
107.526317 85.233627 0.818513 0.655026
80.559464 -81.935608 0.623255 -0.629168
-70.723844 -188.552738 -0.528052 -1.448046
252.871277 -39.433391 1.925605 -0.296505
31.548260 -17.529599 0.248177 -0.127994
114.448217 159.433512 0.866048 1.211316
-225.854460 16.370854 -1.715559 0.129740
-97.241651 263.825781 -0.735987 2.026326
43.392345 -140.145076 0.325316 -1.076321
-98.531143 -28.685686 -0.743289 -0.232819
98.620699 68.547247 0.753923 0.531497
16.179372 73.045907 0.122030 0.563200
103.014906 -36.065503 0.786162 -0.284583
-111.867988 -61.064607 -0.856596 -0.458639
-151.905726 -26.746129 -1.154857 -0.204485
41.555665 118.181899 0.306461 0.907119
162.429094 1.045699 1.239082 0.008486
375.467648 -193.899220 2.856633 -1.487389
-205.361096 -299.410618 -1.565435 -2.284700
-63.874771 -25.607973 -0.485027 -0.199018
304.729418 10.792522 2.325693 0.085983
110.891763 76.593950 0.837555 0.566819
-158.412577 -166.119485 -1.214407 -1.276442
136.503381 212.920362 1.038251 1.615754
162.979347 42.972833 1.242179 0.324627
6.074075 -23.310677 0.049056 -0.170618
-84.551993 -168.084449 -0.637312 -1.289612
70.524805 -34.808596 0.550261 -0.255740
69.037244 41.520527 0.534810 0.306208
145.388208 -77.402375 1.105410 -0.582449
53.768090 176.601627 0.405578 1.356387
47.454338 28.100851 0.357588 0.216670
-65.139990 21.370838 -0.503214 0.167547
95.335893 7.346226 0.729849 0.049541
-157.405558 -67.746139 -1.208775 -0.522107
332.524041 -154.928655 2.547917 -1.192065
24.718458 16.722933 0.179181 0.133114
72.342117 -63.045554 0.546349 -0.460795
302.069266 -115.689992 2.310273 -0.883675
12.850219 58.194840 0.094986 0.439830
-89.726556 -139.432832 -0.683411 -1.049888
-36.197719 -54.470267 -0.271366 -0.415606
-192.590265 -88.880007 -1.476963 -0.675363
-116.782345 -217.638232 -0.899828 -1.674138
189.910564 -101.728005 1.453124 -0.772801
234.889057 -18.819225 1.796253 -0.139571
6.528904 116.604610 0.049784 0.894853
107.624309 108.332635 0.822706 0.817244
-29.419250 -71.158013 -0.224940 -0.532090
-66.539068 -96.230023 -0.499543 -0.725984
36.212740 -96.096327 0.273815 -0.735271
177.195270 -188.210352 1.362173 -1.425050
134.727000 -20.069009 1.039456 -0.164335
42.056602 39.175450 0.324490 0.316024
11.985143 -66.335769 0.086061 -0.508028
5.121593 72.962790 0.036274 0.562799
189.040081 -59.073348 1.430863 -0.444979
166.091672 91.468113 1.268200 0.710643
46.684120 -86.800136 0.349947 -0.661603
-69.454633 -18.567487 -0.533860 -0.146918
-72.731649 -34.984990 -0.560647 -0.273385
75.000339 85.721121 0.565322 0.656052
-69.288090 187.348419 -0.536388 1.440624
-177.972192 37.212015 -1.362554 0.285769
-50.415308 -80.922696 -0.383438 -0.614638
107.809470 -155.207019 0.818240 -1.188736
-88.479789 -30.039903 -0.677208 -0.220937
-140.173572 131.882194 -1.083335 1.011568
255.135102 141.953111 1.952258 1.081566
-55.109734 -55.853440 -0.420171 -0.433833
-119.065205 39.794429 -0.910010 0.302426
95.508375 323.388566 0.723478 2.462433
-176.890509 22.254666 -1.357114 0.171381
-97.213626 74.203619 -0.738034 0.561871
-68.505176 215.712035 -0.516560 1.645151
-27.175806 115.026904 -0.205452 0.884814
195.235052 78.578762 1.481111 0.602707
-129.321648 59.329509 -0.988940 0.457181
-25.763767 -178.406516 -0.197534 -1.360325
-26.745778 252.572770 -0.221396 1.934997
-43.915758 -82.178584 -0.341942 -0.612998
113.251913 -70.445662 0.870590 -0.547819
245.732316 -25.766183 1.873898 -0.186414
37.718071 179.486729 0.286679 1.375178
63.017367 197.392846 0.492894 1.502518
223.529286 96.704511 1.717120 0.727065
-182.899955 138.185620 -1.394048 1.065146
-83.636860 -155.551033 -0.641067 -1.190031
-130.829376 72.501850 -0.988812 0.549687
121.007327 69.879362 0.930657 0.527628
-121.558586 110.557160 -0.923948 0.848238
-190.662807 -295.936906 -1.467995 -2.251216
-34.747567 -150.501632 -0.263170 -1.145589
-114.768980 -57.474643 -0.882739 -0.428585
-48.678711 22.153133 -0.368307 0.164670
-63.280124 5.114886 -0.477313 0.042877
-235.789784 10.978893 -1.806364 0.066614
-90.139929 -198.694878 -0.688478 -1.517280
-126.749736 45.015649 -0.953335 0.332206
99.699823 54.596279 0.769594 0.410814
-348.353542 -55.402634 -2.661708 -0.421593
106.102587 -200.563298 0.805127 -1.520493
-220.341293 43.626754 -1.686499 0.324419
-103.519730 117.016528 -0.798131 0.895648
116.281654 -434.919350 0.884132 -3.303497
-30.621946 155.726648 -0.234917 1.197202
16.705792 4.036160 0.124660 0.031858
-175.459125 84.799350 -1.336692 0.665115
9.802198 91.357926 0.077836 0.691491
117.989387 173.491889 0.901664 1.311726
-122.065954 132.823885 -0.922149 1.022999
-155.343723 85.764532 -1.173615 0.656906
179.443802 212.171506 1.364998 1.618452
-51.304674 36.997111 -0.388469 0.270976
132.421218 74.322496 1.021512 0.561486
-58.936651 25.363627 -0.459398 0.196255
-80.425595 -66.756317 -0.598510 -0.513052
-219.162942 -38.550594 -1.673211 -0.287526
143.957525 -228.807284 1.102864 -1.748237
90.681341 -192.675240 0.692984 -1.457170
145.780002 110.697280 1.118073 0.840946
127.300574 101.986113 0.959349 0.760522
-82.167033 65.809633 -0.631289 0.494898
63.424382 -197.009773 0.477284 -1.513706
126.489321 60.989548 0.964656 0.463844
-185.320184 -146.404838 -1.404041 -1.114834
-169.553626 174.797147 -1.292628 1.329588
-5.391285 -271.150171 -0.036387 -2.064323
-26.376530 244.443434 -0.204561 1.870280
90.278317 254.015109 0.684017 1.926791
123.474209 -26.996551 0.947798 -0.208350
79.437361 55.441517 0.615421 0.428772
5.796361 -112.555018 0.036779 -0.880404
165.711857 16.562730 1.264137 0.129783
-25.746562 3.766544 -0.211302 0.014066
-61.126802 -26.717658 -0.472410 -0.202438
158.179115 -218.670903 1.203900 -1.665474
-53.885100 35.853557 -0.407547 0.275539
-57.930311 -145.520191 -0.456033 -1.119273
175.997014 -3.910518 1.336244 -0.033549
-70.061529 84.354501 -0.537220 0.649706
-102.300274 199.799430 -0.780706 1.527846
174.486224 -144.347716 1.327857 -1.093024
-23.688856 -155.888406 -0.185604 -1.185835
-233.849349 96.283785 -1.790150 0.725792
-112.949074 24.659612 -0.856830 0.191156
95.935631 93.709749 0.731806 0.711549
-4.915614 -205.066412 -0.049767 -1.566155
189.825161 -17.699922 1.440518 -0.140360
-119.151009 -247.544692 -0.900853 -1.899155
-230.973989 -7.339026 -1.767776 -0.050988
-33.560935 100.956502 -0.245940 0.762315
28.109897 172.077508 0.224785 1.314409
206.864716 22.114475 1.584048 0.166699
-119.681108 52.595607 -0.901663 0.398660
-18.167389 41.832410 -0.137344 0.313058
-85.495798 186.361249 -0.653631 1.425153
24.241416 3.108436 0.182345 0.022901
-21.999114 -27.926104 -0.172378 -0.210990
-286.026988 100.310238 -2.199597 0.764606
-199.589211 151.223610 -1.525181 1.154241
-33.980306 -16.764306 -0.249776 -0.136038
86.062287 299.198768 0.653260 2.290324
177.188181 44.421762 1.351213 0.335893
-112.063885 56.471715 -0.854923 0.427435
-60.165712 84.512877 -0.467916 0.657384
-102.574176 124.940052 -0.779331 0.952509
-188.080570 144.701220 -1.437010 1.111811
1.926106 -81.437038 0.011840 -0.629136
318.334105 164.728167 2.440794 1.259101
-37.776101 -1.316813 -0.281832 -0.018818
-116.344847 -81.265230 -0.895422 -0.621164
-106.309265 33.019942 -0.810080 0.249440
1.449169 41.496750 0.012310 0.319317
-51.063141 -16.248836 -0.388132 -0.130855
-120.250857 -208.590643 -0.917581 -1.600143
-158.773004 77.274379 -1.216175 0.584463
140.354743 29.258054 1.067552 0.206414
-16.538215 245.300556 -0.118120 1.864802
5.821702 -21.273521 0.032154 -0.167189
-81.198404 -189.162716 -0.615879 -1.463431
231.889355 25.476007 1.765875 0.192199
-78.402246 82.700426 -0.591799 0.636949
-4.181418 -340.473614 -0.031284 -2.596387
1.511701 -3.562414 0.013765 -0.021317
195.815357 -119.050887 1.488457 -0.906978
46.814419 16.954873 0.373102 0.136690
65.826834 79.451304 0.500353 0.617623
-16.863054 -86.985174 -0.121242 -0.657440
65.375939 44.725603 0.494665 0.343779
213.993780 -49.554457 1.632240 -0.382208
-48.309188 -8.225508 -0.362866 -0.067345
188.279904 20.747895 1.438164 0.158859
-360.515722 111.517693 -2.753761 0.852069
-118.907766 -167.501829 -0.918695 -1.276989
-46.048769 55.166683 -0.344736 0.425870
-94.326093 -91.021255 -0.726553 -0.685708
73.272161 -171.015715 0.562156 -1.280140
-7.361609 -17.377878 -0.051767 -0.139092
107.509470 -203.553476 0.820645 -1.551457
8.766537 -131.418468 0.062180 -0.997737
-219.102980 25.689844 -1.677979 0.201566
253.127145 -35.767907 1.929100 -0.287713
67.185179 33.044562 0.508096 0.250611
-82.692850 -14.448553 -0.635682 -0.097923
0.975426 -171.092310 0.012947 -1.310686
-30.215406 -39.192224 -0.231596 -0.296887
114.638905 110.358596 0.880526 0.830228
-52.413492 90.332978 -0.418397 0.674745
57.303011 -22.996081 0.442643 -0.166588
-211.339468 36.393670 -1.621615 0.293466
197.980902 35.884422 1.505928 0.278023
193.074487 -21.609059 1.472113 -0.158057
-287.813193 -18.280931 -2.179898 -0.134127
-132.210377 26.191585 -1.013523 0.200962
120.150310 5.828641 0.916131 0.043696
27.720680 -112.501654 0.215284 -0.866445
-311.581812 -13.976888 -2.378496 -0.104122
-137.891233 22.569303 -1.051123 0.163808
143.942597 -111.375437 1.096115 -0.857547
-115.424911 -131.221108 -0.885551 -0.995918
23.972722 111.824259 0.182399 0.855980
-251.534608 -148.297151 -1.935710 -1.116816
116.056951 -180.174145 0.905539 -1.383158
-113.778750 -155.943529 -0.874955 -1.185011
185.638668 15.551350 1.428229 0.120714
-161.167344 67.172862 -1.233487 0.510523
-2.210231 -253.918508 -0.018987 -1.936820
-123.361628 -155.582925 -0.939643 -1.189661
190.201490 -100.841122 1.449758 -0.754363
215.520092 -19.980816 1.640867 -0.150083
146.525214 -172.676406 1.106267 -1.321465
-77.514436 -109.728860 -0.588530 -0.844284
-118.015493 -105.545459 -0.907450 -0.804828
-0.131241 47.795536 -0.007358 0.360302
1.095528 15.033576 0.009519 0.118242
-300.020185 16.806773 -2.307867 0.134722
47.430522 28.108662 0.359126 0.218737
-66.838639 -25.620745 -0.506452 -0.195761
-155.704309 82.041198 -1.177029 0.617718
292.647243 -111.339264 2.234134 -0.838958
148.738347 -63.688223 1.135913 -0.488322
-127.677053 45.025079 -0.977284 0.334995
144.736729 293.421550 1.108501 2.259095
-35.769460 139.200849 -0.272387 1.052434
-112.697154 -103.114683 -0.881950 -0.795280
28.859680 -52.554936 0.219593 -0.402810
-151.861789 -7.026446 -1.148953 -0.061902
77.237283 -262.059804 0.594937 -1.993342
44.055927 -26.539312 0.339044 -0.202106
216.532864 -114.231710 1.651811 -0.864941
39.317890 -246.099364 0.294565 -1.890484
17.598534 20.036575 0.134004 0.155287
20.343429 5.197592 0.163466 0.036720
-67.066294 -136.541048 -0.516219 -1.032310
-61.188401 -240.082010 -0.467549 -1.833684
36.050618 321.939872 0.276663 2.464819
5.452602 152.227214 0.037142 1.164011
43.389267 58.444968 0.335368 0.437256
17.098314 -227.382186 0.127541 -1.725590
-131.699973 -146.128265 -1.016687 -1.100387
-223.997738 -26.652652 -1.699899 -0.204199
-204.190739 -17.988029 -1.553174 -0.148026
107.608753 -56.252571 0.817958 -0.415823
127.321655 278.141202 0.979159 2.123807
-197.912526 -86.989234 -1.529545 -0.656800
237.396812 135.368119 1.812644 1.044816
11.015025 -77.274021 0.083304 -0.588353
113.470682 48.536469 0.864825 0.369548
18.327636 -56.428343 0.141749 -0.426567
226.626165 187.686778 1.726784 1.429722
212.974362 -106.974201 1.628025 -0.811360
67.615448 -57.745310 0.528095 -0.436654
27.331811 41.769783 0.203063 0.314878
1.448922 143.656104 0.005817 1.083764
-41.068103 28.844265 -0.319763 0.223426
1.394567 -39.541455 0.003817 -0.301572
-173.192742 -20.223778 -1.323261 -0.146279
25.680446 16.150652 0.196159 0.132886
-138.144956 -61.480893 -1.070667 -0.464118
102.455952 -42.883390 0.781949 -0.324740
-6.861851 -19.691202 -0.041694 -0.148919
-16.408719 79.510390 -0.126082 0.612372
-39.474695 -12.234601 -0.311643 -0.086894
-162.653050 -21.978116 -1.240032 -0.163113
-199.632336 74.991328 -1.524609 0.583879
-237.212186 -234.187463 -1.805578 -1.799454
-105.111470 -78.759344 -0.793112 -0.595980
-76.083205 99.370589 -0.579628 0.759973
25.140633 -68.296219 0.200212 -0.520188
43.226229 178.931900 0.325035 1.380097
102.353566 -165.805110 0.785284 -1.267600
-62.343954 -51.906249 -0.484485 -0.390829
-185.704492 -114.676959 -1.433524 -0.875962
-97.503332 294.141083 -0.738858 2.236157
7.310327 -140.878035 0.046889 -1.071720
-6.501645 72.871231 -0.052324 0.568730
-303.209715 21.696004 -2.309251 0.158909
-175.419027 -32.937460 -1.324652 -0.242585
159.967674 201.373647 1.219003 1.534771
153.871875 -89.105922 1.159401 -0.682161
-145.726632 -186.657952 -1.127771 -1.420840
-82.377235 -143.321732 -0.625177 -1.103323
-140.786903 50.398011 -1.073908 0.383154
-218.619575 -28.117192 -1.651688 -0.217063
105.735055 142.087332 0.801970 1.091701
62.106218 166.197647 0.478668 1.283499
-80.586355 -49.109671 -0.617425 -0.379295
-52.492986 61.443622 -0.399538 0.472410
-229.836232 30.521888 -1.753274 0.242405
-258.146410 26.426345 -1.982899 0.196370
185.162697 150.277489 1.422041 1.147600
-39.797590 97.787656 -0.309369 0.762035
120.133859 -144.747995 0.934445 -1.100506
-99.314646 -8.549291 -0.756889 -0.053004
167.950673 -93.845531 1.295998 -0.727258
63.050998 -123.231540 0.479871 -0.947957
-2.249616 -196.770855 -0.022661 -1.499671
-24.539075 -145.151617 -0.185807 -1.114991
-142.027214 -61.515152 -1.101791 -0.473327
34.095438 82.619746 0.268339 0.630252
20.070794 46.540761 0.160622 0.358296
-145.151967 -214.319298 -1.112280 -1.638073
-11.688496 -93.226949 -0.096740 -0.710192
-2.794355 -66.049535 -0.017806 -0.499508
-296.473064 -114.544953 -2.268618 -0.869783
-11.382352 88.807631 -0.087886 0.681610
-157.681063 -17.644558 -1.200631 -0.122328
-88.184803 210.710672 -0.679213 1.599511
-119.951337 90.183112 -0.918256 0.697918
85.568168 373.818005 0.648143 2.862082
-7.651538 -126.640194 -0.057558 -0.965597
1.106701 -64.161054 0.005918 -0.475390
-5.146508 331.238725 -0.036135 2.534515
-24.756709 -159.820511 -0.184828 -1.219289
40.468204 56.841390 0.307073 0.436101
-77.622829 -152.869778 -0.595064 -1.157373
3.184588 48.113273 0.006913 0.352319
-282.758748 14.269210 -2.155149 0.108230
-15.433736 -19.107250 -0.104903 -0.152763
110.396973 206.954444 0.841403 1.572577
-16.483314 69.525795 -0.118011 0.516966
166.428507 89.672375 1.275917 0.676553
246.693585 -27.019612 1.879489 -0.203015
-233.542113 -94.144542 -1.782955 -0.729662
147.209535 107.557040 1.121177 0.827303
14.803077 15.640733 0.108093 0.124135
-92.400793 136.632239 -0.703734 1.045404
278.456574 -21.295993 2.127732 -0.160274
-101.877481 -102.471375 -0.780560 -0.779709
136.273328 17.343219 1.048133 0.134776
231.104649 23.776259 1.769087 0.187628
-158.352533 37.160465 -1.205039 0.296173
31.005748 69.822077 0.234005 0.540049
83.320268 -128.528508 0.633792 -0.971396
87.641545 -125.669412 0.663111 -0.954308
113.405872 24.780656 0.869887 0.194539
3.671225 -23.778941 0.030169 -0.177008
4.940407 -30.200046 0.019361 -0.227248
-151.204186 -13.154814 -1.152316 -0.098064
-29.422312 -145.814408 -0.224758 -1.122931
-73.837280 24.490619 -0.566761 0.183068
136.719585 -5.496590 1.045306 -0.045284
-110.802821 69.890637 -0.854583 0.539131
-133.012300 108.801735 -1.021542 0.840969
-6.690319 -78.904894 -0.060461 -0.604320
210.395359 151.836957 1.615181 1.157284
-124.252090 -43.810223 -0.947425 -0.345565
84.970214 216.320541 0.647633 1.666738
46.275951 78.692083 0.358858 0.593262
-47.540752 78.017546 -0.365202 0.580655
89.116872 164.692221 0.677561 1.262175
-410.238505 36.644065 -3.120685 0.279847
-83.535885 4.865555 -0.636295 0.033826
26.705673 2.381027 0.198476 0.011377
84.079614 11.270156 0.644748 0.085393
-66.581854 39.384850 -0.515361 0.301213
426.877022 94.933815 3.255702 0.727371
174.775908 -15.918440 1.333008 -0.115420
24.031316 -18.386142 0.183062 -0.134279
-57.983641 58.863730 -0.446467 0.435786
-87.840938 76.436502 -0.666452 0.594465
5.855482 76.151500 0.050348 0.579525
-144.835556 -163.657814 -1.102636 -1.254167
-82.500929 101.331133 -0.628142 0.773777
-55.934465 59.489908 -0.432281 0.464734
