1040 1484 806 0.94
230.794911 -340.645085 0.724386 -1.068372
-36.284797 -273.600994 -0.116104 -0.857203
16.309155 -267.117554 0.047710 -0.836280
-457.924516 57.531539 -1.439054 0.178295
192.631207 42.674904 0.601392 0.135940
93.964512 -69.466610 0.303056 -0.217339
-184.857299 -421.341740 -0.581391 -1.316952
-180.891674 -433.977979 -0.566318 -1.359369
-544.188973 224.558227 -1.710049 0.701962
-351.366519 132.156125 -1.100280 0.414586
-43.038839 -385.685795 -0.139778 -1.209187
-147.217507 -33.185607 -0.463220 -0.105801
49.562488 -381.519917 0.158201 -1.198568
11.697358 -132.130349 0.037841 -0.413952
137.847588 203.136891 0.432923 0.636929
413.902852 -87.906250 1.307481 -0.271409
-380.610230 -44.092715 -1.193254 -0.132038
99.740670 181.951936 0.313422 0.572322
683.760619 -124.694325 2.139575 -0.395282
-274.053510 130.621673 -0.858511 0.407689
-292.726656 -461.751324 -0.920642 -1.447641
-444.547941 -88.754565 -1.391795 -0.275153
23.462618 239.895632 0.079337 0.752987
469.580303 -255.274841 1.473219 -0.803142
-227.870644 -231.244737 -0.712399 -0.722268
253.087790 53.618890 0.790306 0.166272
-153.934869 -264.942050 -0.479666 -0.831389
118.017374 -381.534619 0.371811 -1.195952
149.189554 -458.740044 0.464781 -1.441853
92.849975 306.401226 0.294448 0.960686
-666.309032 -41.997289 -2.084800 -0.138113
-568.111140 182.747473 -1.782693 0.571738
297.314136 -50.411664 0.931465 -0.158486
-103.047246 45.230080 -0.327496 0.143460
-183.069753 -567.375582 -0.571278 -1.775039
737.298616 320.855020 2.310718 1.005039
170.092389 -430.526772 0.532366 -1.348178
344.367602 -203.298757 1.073692 -0.634884
-21.269321 -44.938423 -0.067196 -0.143915
-539.682323 112.371033 -1.688285 0.350334
-215.956530 -82.357737 -0.675749 -0.256497
-463.994166 -61.482575 -1.457713 -0.191251
385.953753 -411.583040 1.211714 -1.288198
-252.481619 -221.456396 -0.789801 -0.695600
374.727010 439.798638 1.174189 1.378162
61.421290 130.211844 0.192569 0.411039
-298.384977 -712.580867 -0.933253 -2.234038
242.730361 -541.202302 0.761698 -1.697233
244.825961 438.893217 0.770979 1.369526
2.446086 164.082086 0.012295 0.513942
331.764498 -150.105009 1.037022 -0.474162
-675.029729 -295.036087 -2.114902 -0.931953
334.520096 291.520921 1.051842 0.915424
-134.503497 -214.665020 -0.423058 -0.669999
66.282717 -298.624931 0.210824 -0.935993
63.609794 253.969566 0.199003 0.789929
599.657194 351.687403 1.879743 1.102847
-467.216062 -105.346543 -1.462115 -0.334458
221.199602 72.870022 0.695277 0.225949
-260.166942 -302.407110 -0.816328 -0.947842
462.100708 -410.428564 1.449691 -1.282320
368.081954 222.808964 1.145861 0.692024
-41.376945 323.778770 -0.133472 1.016577
-693.585229 343.394484 -2.171372 1.079555
1.346323 -443.168769 0.006455 -1.393463
-318.795290 171.852997 -1.002348 0.539722
-189.597994 -187.692429 -0.590012 -0.588381
-105.391970 77.935747 -0.330448 0.241912
20.157284 125.530582 0.062618 0.390039
-73.677563 -212.347000 -0.230125 -0.666164
206.871792 79.150803 0.644506 0.250809
-351.732179 -92.888938 -1.103696 -0.292694
308.787961 91.472334 0.965676 0.288670
181.863869 715.480244 0.573713 2.241020
-462.122836 315.349469 -1.447628 0.989883
-324.632083 -26.680183 -1.012355 -0.076423
-138.078604 318.404320 -0.430740 0.995913
95.204547 658.614380 0.298645 2.064475
-75.056365 193.896841 -0.229893 0.604614
392.071034 -112.378777 1.227382 -0.352114
-119.873668 544.437759 -0.377534 1.707408
-120.413201 338.387885 -0.378165 1.058947
258.857606 -118.816491 0.817936 -0.372724
-5.333132 113.488709 -0.013836 0.358420
-174.513205 749.972042 -0.539764 2.351664
-169.239442 -100.648077 -0.528559 -0.317712
-894.557591 -225.688353 -2.804495 -0.710528
-82.284561 -631.339908 -0.261205 -1.974797
-173.551332 498.030807 -0.538161 1.565330
-491.163754 -68.113630 -1.535000 -0.213973
107.167061 33.807753 0.335591 0.105356
46.208527 398.747981 0.144038 1.251140
-452.910482 -110.118357 -1.420631 -0.340014
-225.651399 -179.435676 -0.710794 -0.562080
74.687760 374.896110 0.236702 1.176457
-255.867376 -286.361720 -0.803002 -0.892189
-314.596635 -254.294730 -0.989014 -0.796674
-970.531779 618.113047 -3.038199 1.935182
192.490938 -124.176490 0.596185 -0.391396
-114.106325 200.022950 -0.357254 0.626925
526.074263 -156.151202 1.644712 -0.492981
-178.526871 -78.418987 -0.559527 -0.243686
-63.308273 -468.522733 -0.197835 -1.470587
-116.194963 36.791138 -0.371443 0.115631
-18.275256 123.362381 -0.056860 0.391997
-253.305769 312.971364 -0.790237 0.984980
89.516607 770.384237 0.284144 2.419165
-293.264396 161.905767 -0.921686 0.503806
-224.170747 -85.963787 -0.709041 -0.273894
-1020.690092 -217.115227 -3.202204 -0.684137
-196.246744 -190.347479 -0.613402 -0.600048
-92.289028 -175.064162 -0.287504 -0.550260
-342.596144 163.667057 -1.076138 0.511781
300.218539 4.924946 0.937750 0.009441
-195.497145 66.963020 -0.615515 0.210466
259.291375 109.699021 0.820758 0.340748
-98.053452 -5.409377 -0.305529 -0.015861
409.266900 364.512456 1.284071 1.138661
156.174943 -35.284739 0.484378 -0.110390
-356.911375 181.782170 -1.119134 0.567863
98.915352 505.214976 0.311056 1.587204
125.354465 285.665297 0.392117 0.896110
236.390906 -423.542249 0.738109 -1.322391
9.432526 -342.598996 0.033723 -1.073158
-7.200339 -35.442230 -0.026299 -0.108840
498.263876 338.151445 1.560843 1.065931
25.044123 174.853498 0.081845 0.548983
-298.931963 36.327543 -0.936329 0.120112
936.084279 -122.765353 2.932106 -0.385226
670.533039 179.849874 2.104544 0.559210
83.820277 -213.641463 0.268149 -0.670868
81.114213 216.016705 0.247053 0.679248
331.835008 35.463239 1.040050 0.113040
287.551437 70.848716 0.907920 0.221807
-68.891631 127.503294 -0.219508 0.403328
150.186491 -266.724656 0.469564 -0.836953
-99.724015 -199.809618 -0.312176 -0.630481
-347.238849 42.381127 -1.088229 0.133070
34.989837 257.803517 0.112500 0.806176
304.478478 185.815799 0.955582 0.587862
-39.760531 125.419596 -0.127211 0.392914
-64.859777 -442.077732 -0.201887 -1.377781
-333.496070 221.158145 -1.047484 0.691621
237.933910 547.896760 0.747549 1.716989
8.044222 -372.651036 0.025937 -1.169619
-151.139909 303.322041 -0.478711 0.954179
186.448673 422.283024 0.588311 1.315160
1.594254 -212.482652 0.010295 -0.660167
30.948900 -20.409024 0.096558 -0.059325
284.410563 -93.432808 0.892648 -0.291187
-382.513470 -288.741563 -1.199065 -0.909361
248.201991 -233.519884 0.777971 -0.729589
149.190809 938.848653 0.462915 2.941651
220.226552 -74.473403 0.688939 -0.230436
-205.684921 -38.024363 -0.644238 -0.122318
-338.000892 -343.099222 -1.064301 -1.074710
333.509065 139.759346 1.043389 0.437153
-238.044060 -549.960743 -0.748067 -1.723373
529.927694 -401.097909 1.661149 -1.255707
-221.404912 -241.299646 -0.694208 -0.753603
-72.700499 -48.127776 -0.230703 -0.145719
-180.771057 -115.120990 -0.568663 -0.363433
-269.365291 202.759548 -0.844251 0.636620
-56.247229 -206.206483 -0.177914 -0.645614
-163.023587 -251.884301 -0.518994 -0.797234
-372.346616 -414.074589 -1.165766 -1.301734
521.757941 28.159693 1.630315 0.087301
-534.695681 -531.313673 -1.678592 -1.667651
94.328504 551.168143 0.294306 1.724121
-4.732093 -224.004486 -0.015843 -0.696515
237.460867 376.541582 0.747718 1.177642
41.517747 715.639296 0.127795 2.240981
-308.300801 217.953747 -0.968394 0.691811
76.861920 298.222721 0.239297 0.937129
107.630491 513.420345 0.336328 1.608216
260.403952 -446.735678 0.815108 -1.401134
392.926044 -768.526900 1.231226 -2.411075
32.198972 -219.683769 0.104860 -0.694372
-29.131713 -100.598543 -0.093195 -0.320454
-430.576894 -190.777047 -1.351900 -0.595440
-140.345110 -431.949730 -0.438915 -1.352565
30.067367 105.878000 0.091557 0.327647
-650.264871 385.542299 -2.036339 1.203425
192.461676 -679.384660 0.599446 -2.131674
-600.395334 866.634327 -1.885923 2.720614
-428.689249 41.908015 -1.339106 0.129636
-306.590140 138.228841 -0.960583 0.430609
130.987988 -180.509915 0.409332 -0.564480
419.914566 402.622476 1.318961 1.261425
-119.121630 -20.110076 -0.374957 -0.064550
-552.794995 -183.507292 -1.727447 -0.572645
-17.864369 -63.962388 -0.052566 -0.200076
297.853734 -335.076115 0.933998 -1.049202
72.876504 -432.942564 0.230890 -1.351615
-521.833355 -61.749383 -1.633670 -0.199073
-139.454358 242.785793 -0.434766 0.766192
-51.958369 492.435333 -0.157850 1.536693
-222.510493 -76.220573 -0.698900 -0.233786
-310.428300 183.462375 -0.976141 0.576167
258.058410 38.921872 0.809133 0.123074
418.745375 701.149027 1.312277 2.199022
-532.460240 281.121644 -1.675469 0.882699
161.469831 104.094775 0.507201 0.330079
240.612046 -599.722483 0.754248 -1.875871
-267.929845 -503.631573 -0.841178 -1.582486
-526.957049 -149.153592 -1.649964 -0.473516
-279.332543 -255.167069 -0.879800 -0.794625
-198.903699 81.231565 -0.619078 0.254226
601.201714 -345.702969 1.881945 -1.084000
329.676913 -221.388206 1.035434 -0.698376
81.834545 -382.397508 0.261272 -1.199328
-307.139187 106.250723 -0.964753 0.334098
-141.587938 -298.026701 -0.442873 -0.937355
26.984762 -58.572090 0.087688 -0.182258
137.308399 214.039958 0.428823 0.668168
51.962332 -16.989216 0.166523 -0.052130
-525.643527 270.138963 -1.647545 0.843577
195.074281 62.851697 0.608854 0.196651
20.365015 -180.640492 0.060750 -0.561538
-68.888649 281.821915 -0.215420 0.880959
-89.068118 -499.519019 -0.278806 -1.561680
114.156371 406.724197 0.355730 1.273793
-122.050599 77.837565 -0.378579 0.241085
-192.291927 -50.082465 -0.604855 -0.164381
388.628329 239.977333 1.220309 0.757428
-404.463747 127.922840 -1.273306 0.400498
898.257921 -48.626380 2.817409 -0.150304
184.139483 168.972380 0.578162 0.531596
340.205727 -508.545317 1.065657 -1.600843
-199.397333 388.750949 -0.624658 1.215815
155.633293 -202.290154 0.485313 -0.635427
350.890103 -346.002743 1.097307 -1.082689
-382.143282 676.738551 -1.193370 2.125415
-146.566517 99.040636 -0.458530 0.303634
-553.715915 -27.819809 -1.735204 -0.088882
343.189886 21.495558 1.072523 0.069004
-649.847849 234.218360 -2.040962 0.739090
-11.471358 -134.544164 -0.038044 -0.416878
315.701059 -117.871243 0.989387 -0.367045
68.709734 -488.826762 0.213299 -1.536922
-339.470477 524.750346 -1.061344 1.640208
481.177438 -40.830653 1.514087 -0.134219
-239.633105 13.252556 -0.749338 0.041905
65.560446 489.624724 0.204585 1.537015
-185.204002 -784.011427 -0.584177 -2.457493
-417.162444 198.821138 -1.308644 0.623377
-15.463945 -309.010594 -0.048842 -0.970661
450.216622 -261.782641 1.411137 -0.826564
-155.916110 149.244674 -0.494073 0.468168
189.091787 -323.762131 0.596587 -1.009075
-411.965366 135.489429 -1.290357 0.428223
-60.330852 12.075107 -0.186154 0.040455
-45.637072 189.761758 -0.147656 0.594136
-58.808855 36.258992 -0.183993 0.118658
-822.417783 135.021890 -2.575334 0.428748
281.819167 219.738710 0.884744 0.698937
-100.192151 369.052991 -0.316241 1.161553
-103.308726 -39.038108 -0.323712 -0.126889
-392.819888 224.054290 -1.233302 0.697034
276.726040 645.580481 0.866846 2.024572
559.094124 -212.614500 1.748794 -0.672727
59.017341 410.392304 0.179864 1.286466
267.645021 -570.176886 0.832323 -1.786587
25.825446 575.757039 0.078494 1.806728
44.761962 276.869875 0.142770 0.869393
-486.704770 776.453258 -1.524875 2.436887
452.573831 192.805909 1.413861 0.604590
386.200985 314.348744 1.207913 0.983728
-349.956659 -212.694276 -1.098890 -0.661444
389.213229 75.225579 1.214131 0.232544
-252.019169 84.695519 -0.793007 0.264527
-11.343553 414.241332 -0.033852 1.299634
-219.761301 558.850400 -0.688109 1.751341
266.383011 -32.152424 0.837181 -0.105988
115.134299 -61.245282 0.363878 -0.190486
87.440511 114.696521 0.269576 0.361902
11.166450 347.924951 0.035316 1.092834
220.214487 -200.666331 0.693581 -0.625024
234.367336 -235.676138 0.735823 -0.739255
-211.492232 91.569347 -0.661162 0.287650
101.381310 -57.612367 0.316737 -0.175521
-598.066020 277.747791 -1.878248 0.866951
73.429763 86.348701 0.234718 0.269922
228.652216 -384.086362 0.716885 -1.203385
442.843127 -54.764019 1.387523 -0.172555
260.861654 51.297585 0.815620 0.164111
161.336033 349.643504 0.512327 1.094623
-163.195951 -158.360234 -0.513351 -0.495688
118.398047 -190.872149 0.370112 -0.599462
-283.575791 57.030446 -0.883805 0.176660
72.264799 -77.466965 0.224580 -0.240167
48.608230 40.516844 0.159743 0.125967
359.795042 -240.358082 1.124923 -0.755375
-460.062001 298.287128 -1.441569 0.935092
45.683536 -223.406400 0.145011 -0.702572
125.951896 53.743431 0.395302 0.172788
-527.871495 54.169554 -1.651514 0.170884
214.909739 -369.316701 0.672445 -1.159299
-190.991420 -252.121385 -0.597128 -0.788383
-59.230259 -314.722769 -0.187390 -0.983827
116.332808 -704.433949 0.368043 -2.211475
64.924211 213.029026 0.200273 0.666446
-11.724575 -252.392494 -0.033673 -0.796858
67.444827 -168.259235 0.210357 -0.526406
-808.670714 -136.505375 -2.536629 -0.428351
-235.359614 123.850932 -0.738351 0.386511
-137.105317 207.527768 -0.430678 0.652147
101.988471 -452.018190 0.320114 -1.413070
-595.742943 221.757130 -1.864920 0.698074
86.364641 1.753529 0.269790 0.007188
111.090168 72.082660 0.350142 0.222802
107.453727 -585.334063 0.332570 -1.841148
538.376429 -265.763772 1.686572 -0.836944
252.213459 -119.979194 0.787649 -0.376913
386.823569 48.311605 1.215346 0.154701
222.880538 311.033109 0.694091 0.971519
-395.089220 -311.834816 -1.239801 -0.978632
67.809738 -203.237271 0.216511 -0.636682
-417.333053 63.724716 -1.312861 0.200506
-621.356897 128.894489 -1.944337 0.403273
114.380162 36.801149 0.357033 0.118960
-436.500559 -444.793696 -1.364081 -1.395836
198.541735 -153.729355 0.619866 -0.476580
-278.182427 -285.848926 -0.874667 -0.892776
35.104670 61.128730 0.105945 0.194888
463.833501 367.276633 1.452751 1.151969
211.898479 -80.746542 0.664947 -0.250366
443.861277 -366.949071 1.389002 -1.151125
105.414175 -419.483857 0.329414 -1.315109
161.724989 509.278015 0.507824 1.587506
80.621144 -131.550425 0.255999 -0.407561
-284.019415 130.264451 -0.887537 0.410254
155.976059 55.053272 0.486556 0.175716
94.784941 -181.678852 0.296185 -0.576434
225.911685 34.143129 0.701990 0.105768
116.495210 -79.964418 0.363693 -0.253836
-78.982829 -182.198715 -0.242293 -0.569721
-280.565408 -119.438619 -0.881021 -0.373270
73.060389 -222.000463 0.235365 -0.694693
316.282237 -471.243642 0.990442 -1.474213
-329.410892 -370.213976 -1.030830 -1.160912
189.179130 -22.464206 0.594022 -0.066415
-42.342494 155.215626 -0.127711 0.477448
146.888480 231.848632 0.458710 0.724328
-940.614058 -110.855090 -2.947780 -0.352485
-601.896460 635.735477 -1.886985 1.992758
303.221024 -204.156391 0.952575 -0.641863
373.663498 -224.627146 1.171839 -0.706632
-52.834220 -79.641329 -0.161884 -0.250192
570.442040 530.891804 1.785827 1.670316
-168.970425 162.549262 -0.526674 0.502468
-192.640193 161.284921 -0.599771 0.508063
489.248022 88.578881 1.534416 0.278563
341.583192 438.051603 1.069388 1.369172
609.903188 -43.260203 1.910368 -0.134917
-146.626723 262.838103 -0.460863 0.823113
537.413947 -232.214668 1.687609 -0.726400
280.138757 30.071718 0.879296 0.095644
176.394442 379.693258 0.559102 1.192059
895.091407 -68.586448 2.806071 -0.210296
-203.866603 771.202037 -0.637761 2.418129
-556.062578 13.008738 -1.740567 0.038344
-539.160759 -531.590021 -1.683775 -1.665445
-194.887067 266.981500 -0.619900 0.843958
-146.729839 596.982875 -0.458458 1.869713
-178.802690 179.631677 -0.563573 0.564298
447.506493 573.910270 1.405705 1.799916
189.448792 695.525283 0.591549 2.183451
-802.219424 74.697631 -2.513523 0.232655
-136.379215 -255.596722 -0.430985 -0.805570
186.135127 -228.082942 0.580933 -0.712367
-198.869064 -113.711299 -0.622426 -0.355309
209.712481 -697.756573 0.661207 -2.188348
85.243008 498.112733 0.265225 1.553383
59.859374 -14.909425 0.185005 -0.046343
-246.000668 614.381318 -0.771650 1.922915
1106.711468 -92.172229 3.467888 -0.284996
-47.448140 -49.751148 -0.149231 -0.160459
-76.256640 -163.636506 -0.240747 -0.508903
101.038432 192.186683 0.313867 0.602845
188.515275 257.435789 0.590543 0.799580
-288.622065 220.584072 -0.902059 0.687822
313.832788 335.670121 0.979836 1.051726
273.820709 -79.111363 0.853481 -0.244862
-51.966837 532.196094 -0.161574 1.667674
-148.819687 -276.217760 -0.470331 -0.863161
-428.900715 575.773645 -1.351479 1.803947
11.124845 -567.208191 0.040240 -1.775215
-105.954735 -378.244882 -0.335800 -1.179623
116.894980 330.490182 0.362653 1.037303
-221.291604 896.854702 -0.695817 2.807699
-515.045597 244.081393 -1.617461 0.767286
-46.600052 488.706051 -0.141551 1.527337
28.464219 184.851932 0.089236 0.582158
563.268674 128.468362 1.765696 0.399572
14.547927 156.298351 0.041358 0.490828
349.400768 130.857775 1.093536 0.411542
317.207121 427.738875 0.992117 1.339214
204.387492 489.983187 0.637753 1.534523
-77.601596 852.099554 -0.243084 2.671086
616.435937 639.069283 1.934170 2.007037
-123.572754 288.809217 -0.387163 0.900231
447.374549 -372.184390 1.399038 -1.169569
314.069919 702.642002 0.983480 2.197515
-17.077264 -238.813887 -0.049022 -0.750966
492.724340 -199.808820 1.548328 -0.626382
-20.781250 -145.343957 -0.065432 -0.449221
411.439304 832.305972 1.288955 2.609776
95.187422 -664.274407 0.299454 -2.078817
-175.201656 -162.850733 -0.548981 -0.515592
140.170545 -702.307622 0.443613 -2.197443
110.938835 -217.467041 0.351195 -0.678518
-43.923960 575.907739 -0.138462 1.805293
120.194654 594.787020 0.381392 1.860870
-82.805967 299.877797 -0.265083 0.939339
-176.543236 -18.100116 -0.557518 -0.056747
327.489686 555.904361 1.025171 1.741513
77.099144 -288.961238 0.237012 -0.909682
-370.320507 -492.158182 -1.159792 -1.545318
-215.791694 155.697261 -0.679536 0.484309
-57.457928 -43.391147 -0.181032 -0.135946
-318.422808 183.893896 -0.994838 0.571531
514.760408 263.183073 1.610843 0.826302
159.129412 -450.196352 0.500070 -1.407468
211.555440 571.181765 0.658496 1.791417
674.043552 497.202380 2.114668 1.556378
-89.348581 72.023700 -0.279398 0.229273
-259.237613 76.518082 -0.809024 0.241787
424.636844 98.294543 1.329943 0.309262
40.757130 457.760124 0.126454 1.432802
-432.328321 184.485655 -1.352198 0.578360
-182.012613 287.293899 -0.573648 0.898869
422.643360 -257.982189 1.330140 -0.811051
199.854448 -375.566177 0.627943 -1.173752
586.479699 354.944639 1.837396 1.117988
328.705549 -360.067349 1.029304 -1.125180
-171.309913 342.718454 -0.540648 1.072879
67.314302 -82.499917 0.209693 -0.256319
-295.032263 297.438740 -0.925739 0.934083
-382.937460 -139.674208 -1.201493 -0.442310
251.438176 -370.358816 0.789495 -1.158543
446.333627 70.951198 1.395935 0.223126
-370.197613 594.749382 -1.154118 1.865968
6.256972 -345.754315 0.016084 -1.083926
37.955797 24.833190 0.112681 0.077750
389.019324 -40.702773 1.216832 -0.127000
567.776437 -138.942621 1.779532 -0.435397
15.114657 469.029414 0.050155 1.467785
-181.486848 325.667627 -0.570644 1.022380
901.008915 -184.744794 2.823715 -0.580306
-171.919032 297.725212 -0.536978 0.937996
-116.933447 399.769061 -0.369434 1.249315
-65.907007 220.095273 -0.208853 0.695406
-87.635853 -136.154622 -0.280756 -0.423675
-354.613883 383.783027 -1.112736 1.204668
68.764199 400.626751 0.215387 1.257552
-300.795549 784.107154 -0.944105 2.462438
-266.977624 -219.771584 -0.838367 -0.686597
394.456863 21.857328 1.235383 0.072879
323.792718 -155.154311 1.016872 -0.490774
-148.317121 -6.113590 -0.464521 -0.017184
-261.776514 -146.335486 -0.821442 -0.455314
-521.884375 91.073582 -1.633028 0.284989
147.055604 15.598017 0.461598 0.044997
-95.067734 89.470411 -0.299781 0.278509
476.863618 190.763954 1.501206 0.600794
-386.872042 -219.810240 -1.212880 -0.687611
59.575345 319.099506 0.185540 1.003237
275.602474 10.374224 0.861697 0.032230
-92.146288 173.231966 -0.284464 0.543745
316.985186 450.909467 0.997187 1.415448
-12.409550 -427.109577 -0.040186 -1.337272
-282.789689 -160.545054 -0.883362 -0.499717
-291.397884 37.808173 -0.912240 0.118000
-339.229732 -101.366739 -1.057984 -0.318936
-94.138165 59.454142 -0.296635 0.183758
-326.418892 678.771967 -1.021030 2.130993
-222.963269 -458.654488 -0.704470 -1.442750
-164.291860 -13.227496 -0.511247 -0.041200
582.714475 90.219578 1.824653 0.285181
395.909005 665.026671 1.235383 2.080474
-566.647413 93.770029 -1.775926 0.295472
157.065095 -224.366453 0.493844 -0.707977
575.588772 339.304086 1.801453 1.061794
0.270107 -314.986172 -0.005707 -0.986160
430.661378 24.187855 1.345197 0.072335
128.112364 80.737648 0.396976 0.251595
-427.530104 75.577128 -1.346294 0.232546
-104.601720 -417.244489 -0.326136 -1.301243
229.670121 275.703577 0.720512 0.865499
-140.915029 13.930538 -0.443125 0.046027
166.315506 -377.426398 0.523666 -1.182608
-662.909245 -106.476870 -2.083295 -0.337419
364.196865 47.370708 1.144373 0.150219
-365.696859 -380.910573 -1.145809 -1.194490
-16.764520 31.771068 -0.053599 0.101756
386.853836 153.178803 1.214280 0.483906
282.721568 -27.776242 0.885807 -0.085731
140.335461 146.920457 0.440708 0.460014
158.481325 177.936661 0.493741 0.560707
-293.946357 348.669819 -0.919834 1.093361
212.988311 -178.009173 0.668154 -0.556254
-165.788520 -195.980215 -0.517836 -0.609602
334.330861 529.221805 1.042379 1.653063
192.703520 -224.969418 0.597842 -0.707231
-128.092642 -41.052173 -0.401597 -0.134526
-228.697086 288.587892 -0.712597 0.896630
-694.213176 -329.205326 -2.172420 -1.035048
-884.987584 -379.433898 -2.777381 -1.190085
-69.248343 47.336685 -0.217733 0.150412
621.674502 160.690828 1.948797 0.508152
70.634212 387.222377 0.227995 1.213347
177.907820 118.765174 0.554923 0.372115
-80.294997 -5.569677 -0.253600 -0.019567
166.017269 -464.978556 0.528237 -1.463606
-287.577767 567.880270 -0.902476 1.780859
161.776793 -65.111672 0.511270 -0.207284
-63.003339 109.755436 -0.201573 0.343311
72.568046 124.863945 0.226232 0.392759
61.095893 -222.909075 0.187690 -0.697713
70.721816 700.166689 0.219662 2.194793
93.727038 -102.006281 0.298131 -0.321845
366.765407 -101.874628 1.149344 -0.320949
269.360639 424.923036 0.844380 1.338244
-383.559520 11.561900 -1.202368 0.036784
166.912062 -236.009630 0.528486 -0.733885
-133.566180 189.745453 -0.423815 0.596559
-154.123092 -387.292767 -0.483576 -1.212096
269.143942 -297.350038 0.840624 -0.934380
223.652147 -700.143927 0.696156 -2.196489
-55.781787 506.558954 -0.177715 1.587607
-98.577037 -464.291485 -0.311259 -1.453966
102.274362 253.763119 0.320577 0.792697
76.863790 -103.164354 0.237577 -0.319601
-368.067572 39.848184 -1.150378 0.124411
48.252312 349.559013 0.150918 1.093103
-17.544311 124.253924 -0.055213 0.393707
308.613958 5.631827 0.967748 0.014426
-375.701365 -51.309116 -1.181492 -0.157087
-176.008768 -882.597704 -0.554617 -2.765708
165.287177 134.697689 0.518311 0.421232
-301.511536 -367.812799 -0.941551 -1.148848
-434.810775 194.818653 -1.359075 0.607550
60.701665 -292.005100 0.190047 -0.916389
300.341088 -41.226226 0.936713 -0.130621
462.684435 -233.651511 1.449910 -0.733896
-394.766790 306.271335 -1.237726 0.959631
-446.184784 -130.393804 -1.399505 -0.404283
-295.806245 292.478127 -0.926254 0.917495
-105.069514 -130.811732 -0.324803 -0.413401
68.886557 -525.874156 0.222361 -1.651642
492.967919 -69.783722 1.545253 -0.215859
95.568604 -476.928682 0.296101 -1.488868
-621.734762 -149.834157 -1.946358 -0.473814
-585.285264 -232.922004 -1.835367 -0.724923
402.976037 -206.321755 1.264758 -0.643681
-24.845202 -496.390382 -0.084534 -1.557505
325.893979 239.980203 1.023491 0.756391
81.296249 220.991122 0.258540 0.690396
-298.145868 112.189861 -0.936367 0.345856
224.632928 -228.620206 0.699968 -0.718304
-108.262249 -155.294341 -0.341061 -0.489492
246.497680 273.010923 0.762337 0.859695
-68.600800 -400.613570 -0.216079 -1.254177
49.117606 53.409310 0.157981 0.170094
718.557145 62.585131 2.251547 0.199510
-595.180674 -238.947545 -1.862153 -0.746591
-133.473763 201.686668 -0.420273 0.630184
-536.708498 -795.121675 -1.678311 -2.495337
-22.137756 42.019013 -0.066853 0.131154
-298.001109 203.513595 -0.935370 0.635133
-56.247948 -15.712689 -0.171994 -0.053356
168.290845 -47.169599 0.525765 -0.147791
751.187447 342.967626 2.351104 1.073788
235.608696 351.630042 0.735343 1.100721
-303.927755 615.753986 -0.949667 1.934986
263.522506 178.876448 0.831810 0.560587
-941.813936 127.323179 -2.949829 0.394780
-9.346302 -523.489394 -0.033256 -1.636563
-75.506512 -58.282775 -0.236606 -0.183831
-49.782556 -184.568274 -0.154434 -0.580416
202.810129 474.862197 0.636932 1.484967
158.407208 535.505129 0.496355 1.676045
131.366294 -411.694268 0.409282 -1.284127
-81.365198 -55.222187 -0.258856 -0.174200
-124.322381 263.199315 -0.391065 0.828818
-134.462703 -423.091034 -0.419790 -1.319289
67.719998 381.488145 0.213441 1.192266
371.047318 119.625189 1.160911 0.383752
-333.668100 109.387269 -1.045540 0.345268
-506.338036 -96.987118 -1.589396 -0.309401
422.512780 36.646793 1.326502 0.117158
-272.256516 -98.152698 -0.855548 -0.310360
215.613695 -22.845465 0.675793 -0.073060
561.443659 -524.658816 1.758530 -1.649923
-238.556455 322.795173 -0.751791 1.012119
146.556311 -21.372595 0.464707 -0.067254
88.774169 54.391501 0.275957 0.175554
226.879067 -79.046212 0.716889 -0.249469
232.630246 -88.512862 0.734947 -0.277541
-402.438792 -298.217341 -1.263033 -0.930363
-51.791671 526.913929 -0.164839 1.650629
-180.785555 30.054181 -0.565354 0.093204
-591.011306 -576.926081 -1.848684 -1.808563
261.969907 477.845491 0.820440 1.497627
-399.848239 -598.252679 -1.249818 -1.880005
5.220960 46.211284 0.016016 0.143081
-593.490385 65.535509 -1.863698 0.205035
385.249032 -47.034426 1.208229 -0.146876
12.145179 663.279819 0.039661 2.083955
-29.704342 -589.622213 -0.094687 -1.848634
287.282083 -140.367470 0.899402 -0.436076
-38.543807 231.654616 -0.119173 0.724059
-75.943089 -165.672757 -0.234935 -0.524594
-342.547013 504.509246 -1.073829 1.581324
-231.934274 339.461941 -0.726892 1.067733
-135.202808 143.062914 -0.423238 0.447638
-11.432827 -349.008672 -0.036790 -1.092798
703.946684 -17.219531 2.211426 -0.054904
-47.331680 -888.135998 -0.146540 -2.779996
-359.372115 -317.762380 -1.123914 -0.998142
-462.235431 -272.263231 -1.447937 -0.853009
659.132922 190.951227 2.071511 0.601164
-218.813298 437.935215 -0.686514 1.376606
292.334951 76.930647 0.911943 0.248692
-153.290815 -65.107100 -0.476863 -0.204129
-301.669249 -633.489351 -0.941014 -1.980291
-287.822307 429.315712 -0.903708 1.346116
-198.976677 -336.241071 -0.621083 -1.054020
53.487347 -177.390055 0.171894 -0.557881
173.056737 -198.130541 0.542638 -0.628170
83.980137 -64.993257 0.259915 -0.205545
-222.519647 -407.473239 -0.696043 -1.279472
-854.741710 54.456698 -2.679388 0.169965
-502.710116 140.106782 -1.578201 0.439526
393.081317 -502.041518 1.234143 -1.572357
27.347467 -203.921206 0.089405 -0.638655
-170.072374 -203.700806 -0.532953 -0.636700
-304.312179 370.452974 -0.955508 1.161458
189.526890 -275.207492 0.597308 -0.860894
-761.631637 -148.199491 -2.384004 -0.457861
-119.488131 446.533815 -0.383139 1.397146
240.187705 291.323407 0.753195 0.912848
-211.048505 401.271928 -0.659872 1.258556
14.022941 527.703180 0.044322 1.649808
-16.346502 227.088524 -0.052337 0.711919
90.069000 291.824255 0.280772 0.911334
185.696853 -378.081051 0.586233 -1.189787
37.795839 251.458350 0.118282 0.787922
199.831167 548.339039 0.627753 1.720453
-75.208781 693.373526 -0.236489 2.169981
-158.524049 249.500798 -0.495707 0.783109
-299.414562 405.168707 -0.943238 1.263979
-136.647736 -269.585971 -0.431038 -0.844213
-16.660646 609.758225 -0.053865 1.907893
186.608873 516.382746 0.585855 1.618878
329.620002 47.450494 1.032323 0.155138
-450.213071 433.862746 -1.404410 1.358554
264.552389 26.020317 0.828817 0.083577
224.161082 -331.971141 0.703396 -1.043497
-69.207484 368.110430 -0.212348 1.156882
434.569043 -378.220146 1.364069 -1.184255
108.530667 -544.968336 0.341811 -1.706155
-423.870859 -365.657450 -1.330240 -1.149988
625.009155 337.083808 1.959732 1.056840
408.589363 121.566910 1.282628 0.385059
643.331619 355.951771 2.015910 1.115316
-91.138713 329.951197 -0.283912 1.032745
-282.758985 22.534188 -0.883797 0.074235
221.724405 255.058513 0.696707 0.800654
232.661456 -447.457417 0.726663 -1.405977
-341.873717 -540.335852 -1.071110 -1.692803
-3.356837 -344.559052 -0.011677 -1.077865
-429.733203 225.458368 -1.347263 0.704095
237.920269 101.860206 0.745464 0.323257
215.997012 -236.486607 0.674792 -0.741168
-318.269954 -328.139481 -0.997040 -1.021783
258.922311 -309.646752 0.812280 -0.965819
331.075793 -226.360816 1.037364 -0.712562
-266.518792 -413.121194 -0.832818 -1.295635
48.647559 64.284414 0.155909 0.197587
-79.870193 -27.709406 -0.250738 -0.089934
-28.680552 334.162638 -0.088635 1.047144
-208.854217 -522.195137 -0.653663 -1.637454
-46.631883 -192.131260 -0.144148 -0.600536
-128.574972 -468.003123 -0.401051 -1.468776
-21.929945 14.118788 -0.071544 0.045566
-394.973806 389.304426 -1.241487 1.212757
-53.347717 73.842976 -0.163808 0.227039
359.907546 51.084465 1.131584 0.160167
96.960480 247.563189 0.300715 0.769131
-132.335523 -71.796484 -0.414580 -0.227425
284.293542 128.517435 0.886732 0.404819
-280.469574 -136.303444 -0.877524 -0.431172
392.578499 -223.305858 1.230655 -0.698644
18.012008 -292.724150 0.056995 -0.922979
263.278565 -20.202594 0.828541 -0.063799
-366.650955 -93.336216 -1.142752 -0.292519
-611.163046 -454.158600 -1.918706 -1.424055
-72.576604 -332.114602 -0.228962 -1.043952
-269.482228 357.838571 -0.842467 1.119549
-54.734682 -314.276920 -0.173585 -0.982735
322.126154 180.250741 1.013773 0.565104
75.849222 -2.194771 0.237278 -0.001042
-2.054232 -177.754179 -0.005020 -0.561633
-61.830163 -65.158044 -0.194202 -0.207584
369.035967 -134.323402 1.152674 -0.420615
196.384119 -124.203133 0.615781 -0.391045
-65.512942 -29.703854 -0.202679 -0.088384
121.154060 -801.584682 0.377911 -2.513148
30.546174 481.423584 0.096126 1.502442
-60.748724 -259.437240 -0.192330 -0.811497
-138.140494 -240.641219 -0.429966 -0.755409
189.265993 141.686557 0.600311 0.448654
244.644195 70.203002 0.764775 0.221031
-115.990716 -472.486005 -0.368419 -1.486089
-130.331836 -257.723160 -0.407081 -0.804902
-32.900039 -85.304107 -0.100633 -0.263290
-105.019452 -692.247857 -0.328924 -2.166931
-108.882912 -605.106542 -0.339092 -1.889772
-253.961231 -557.639131 -0.797142 -1.750038
-408.509441 -142.324221 -1.279239 -0.449981
-170.936240 -290.386679 -0.534528 -0.912994
-451.595909 212.568348 -1.412736 0.665539
-186.383594 235.045627 -0.585324 0.733425
379.232995 170.951988 1.187721 0.541166
438.726865 61.647360 1.371763 0.194605
117.267192 103.367304 0.376614 0.324693
354.111968 -77.755801 1.113141 -0.246005
135.905543 -636.552071 0.422719 -1.996504
171.341841 -198.426983 0.537992 -0.624253
105.539627 234.882220 0.328592 0.738656
193.863403 371.301111 0.604054 1.161358
-85.029761 554.704850 -0.263807 1.736826
371.307082 -256.872733 1.165103 -0.804802
-34.915169 -98.660723 -0.111584 -0.307256
330.834423 -697.167827 1.034662 -2.185508
205.596504 240.957075 0.642043 0.755764
246.167605 950.277351 0.775195 2.977496
189.719476 310.098064 0.593050 0.969500
-194.725306 -18.031104 -0.607841 -0.056491
-315.535925 -187.014828 -0.986648 -0.586957
-121.379863 413.104491 -0.376955 1.295624
449.039698 -178.355181 1.406878 -0.559047
-319.572867 481.934193 -0.997246 1.507694
268.677493 -242.845168 0.841185 -0.762748
191.327883 -12.500708 0.597578 -0.039976
197.642258 -261.097319 0.616586 -0.819491
34.825735 331.499575 0.110895 1.037890
-254.112710 305.175656 -0.794786 0.957607
-209.262169 -321.552195 -0.651186 -1.005784
-209.477243 260.233031 -0.658716 0.816403
96.434030 112.263840 0.304967 0.344913
339.961819 116.137384 1.071013 0.358002
-141.302626 197.192813 -0.436115 0.619236
537.749340 310.158390 1.685149 0.970204
142.389369 159.936239 0.445044 0.503101
-676.402086 -318.357663 -2.123658 -0.999645
-480.410304 -351.459934 -1.499812 -1.105225
132.680638 113.520814 0.414437 0.355058
-207.236202 138.753382 -0.648036 0.432470
699.278621 -357.000416 2.192626 -1.119025
602.911289 305.842582 1.887087 0.956276
-415.514350 471.040245 -1.304550 1.474906
68.503970 -109.022292 0.217389 -0.336437
-254.650247 127.298360 -0.792796 0.398023
185.153369 945.657296 0.580243 2.958733
-102.914633 -299.694182 -0.322303 -0.941919
-212.850054 286.057228 -0.662528 0.899370
111.693482 -351.783190 0.350704 -1.097815
-33.388713 250.912315 -0.102930 0.792657
405.623802 167.359911 1.274073 0.522846
-181.104878 -43.849433 -0.566491 -0.138525
-38.951434 248.171356 -0.127957 0.782633
-92.200743 287.616613 -0.285975 0.900645
165.100884 -0.631114 0.515823 -0.002424
210.506466 -552.259160 0.665348 -1.733389
-49.432680 66.252550 -0.156256 0.211913
214.844450 -133.084671 0.675575 -0.411228
232.054589 122.970539 0.726737 0.383127
-206.686734 59.413229 -0.649895 0.191075
-95.664023 -85.971490 -0.298311 -0.269754
-491.893161 321.057431 -1.546702 1.010932
281.409148 -109.960167 0.880373 -0.338688
286.824927 -245.591334 0.902169 -0.770755
194.156807 -752.628509 0.606766 -2.360405
213.130582 -655.147057 0.668279 -2.057280
-648.556797 -1199.697669 -2.029180 -3.760231
-265.937823 -6.750031 -0.834592 -0.023274
11.929781 466.280073 0.038024 1.458058
221.568833 -91.512444 0.696795 -0.288608
-281.284504 -467.488742 -0.883464 -1.467675
241.169661 374.333421 0.755941 1.173098
312.726263 78.784653 0.987371 0.250068
-493.241224 -415.749577 -1.549195 -1.300137
-246.484350 -599.372079 -0.769626 -1.877722
567.631378 373.449544 1.775088 1.176176
-206.583265 719.222370 -0.648183 2.253003
261.152040 -251.796062 0.818576 -0.786455
298.388760 -67.229393 0.934097 -0.211367
599.128578 463.012783 1.876912 1.448955
328.847384 52.740799 1.033628 0.164085
123.677692 403.514280 0.388212 1.260831
448.688549 -25.759965 1.407068 -0.079648
253.510115 96.587124 0.792825 0.298322
465.968731 193.541426 1.462526 0.603220
300.122220 323.057346 0.939688 1.013625
-51.282499 24.890498 -0.153432 0.077750
2.203282 237.799789 0.009632 0.747457
-291.846094 20.208431 -0.912133 0.063669
-34.521342 16.738012 -0.109335 0.053970
-78.086389 17.482596 -0.245808 0.052309
86.474574 -404.200191 0.265156 -1.262933
139.599890 -26.553251 0.432854 -0.079849
-549.983660 13.047275 -1.722200 0.037738
382.988051 300.923086 1.204655 0.944263
-381.287117 -408.360616 -1.191740 -1.276578
-9.416272 -47.395577 -0.028419 -0.152245
-359.627543 423.012161 -1.126831 1.327268
97.449510 197.960236 0.309407 0.619970
467.299572 568.040356 1.460113 1.782880
-197.525917 -401.995511 -0.622371 -1.264915
32.945872 262.757512 0.102044 0.826272
296.298703 -124.612944 0.924290 -0.387842
-529.187614 183.501388 -1.659843 0.576035
71.997155 -50.752323 0.226605 -0.158364
153.408891 -169.295632 0.480953 -0.529522
394.933373 -462.831131 1.238718 -1.447596
-137.353780 459.044108 -0.428072 1.440027
-612.859044 -139.360684 -1.924969 -0.434747
75.933313 331.111834 0.236065 1.041370
152.283437 166.480979 0.472684 0.522655
165.680234 -17.217078 0.518984 -0.053788
491.222026 9.946005 1.536044 0.033286
61.337165 130.300424 0.192464 0.409605
-49.636925 -141.906674 -0.156230 -0.445931
-31.488576 103.697815 -0.099444 0.320538
41.514054 -169.187365 0.125706 -0.530835
-930.560180 679.796589 -2.920047 2.131378
393.802162 -20.923868 1.232920 -0.064017
687.155230 139.650056 2.153348 0.439543
-347.441850 403.151220 -1.087517 1.260849
-83.169874 134.883489 -0.256151 0.428895
-537.393193 217.104387 -1.683002 0.685078
-30.212725 -496.542337 -0.097437 -1.560758
448.265569 224.997932 1.405697 0.702454
349.241305 1.980418 1.095467 0.003939
275.778660 -479.079103 0.866655 -1.501220
-498.617384 268.956058 -1.561557 0.845721
-478.735432 5.178927 -1.500021 0.011282
321.479158 -145.899996 1.008261 -0.457662
49.642731 136.447819 0.149288 0.424332
-38.577214 -133.923823 -0.124421 -0.421494
-694.166563 -382.653727 -2.176584 -1.196566
-50.307694 405.100722 -0.158108 1.267128
118.381116 -216.025347 0.373989 -0.669307
159.593536 71.754395 0.500749 0.227107
-673.498255 23.357269 -2.113213 0.075555
-102.096500 -312.998032 -0.322209 -0.982286
-371.593002 -139.987683 -1.166337 -0.440640
-280.485468 203.856043 -0.877127 0.635518
298.009439 442.767848 0.937484 1.388809
-199.238621 317.896791 -0.625181 0.994565
367.281935 303.812588 1.150051 0.954628
-655.961961 328.562470 -2.059373 1.034035
-399.449872 379.196366 -1.255887 1.192162
22.380691 -429.480922 0.068678 -1.345306
-776.784843 76.934682 -2.435334 0.238934
-5.589266 377.852631 -0.013515 1.184059
-218.081227 38.879668 -0.683444 0.121848
-8.513939 121.718789 -0.031429 0.379996
109.619604 -440.899143 0.339679 -1.384048
136.763074 -510.854250 0.432630 -1.598105
551.303454 24.569630 1.726277 0.077350
254.587326 -13.387489 0.797456 -0.042388
480.711216 -103.513112 1.506842 -0.326138
53.963288 334.719935 0.171073 1.045061
-313.892631 187.990764 -0.979782 0.589263
-271.567276 557.277665 -0.851689 1.751544
207.300704 280.672992 0.649050 0.882844
-42.607728 -561.443735 -0.133740 -1.762461
191.180726 -406.453898 0.597242 -1.276789
576.321760 216.286155 1.800324 0.683943
-449.201684 121.163528 -1.403930 0.376775
-52.390753 417.663411 -0.167909 1.309689
-190.981977 26.917366 -0.600836 0.078853
142.731119 599.447672 0.448470 1.875049
313.976221 174.962318 0.981792 0.550199
342.914987 -34.427105 1.074709 -0.105461
722.879290 365.559858 2.266535 1.144755
-245.526277 29.883295 -0.772528 0.098538
-162.960189 535.383759 -0.513941 1.674958
-97.685514 36.768650 -0.302504 0.117080
-475.063160 223.965902 -1.489853 0.700368
-350.487410 -149.120714 -1.102254 -0.461458
-470.248479 -401.264663 -1.480026 -1.262232
79.424836 -170.074324 0.250293 -0.531871
186.897102 -175.376096 0.584861 -0.548336
-103.414308 306.200104 -0.324893 0.962282
427.980979 -219.172298 1.344392 -0.688743
-294.317194 181.648837 -0.925418 0.564939
406.799873 114.368777 1.271993 0.361957
-62.533710 269.388896 -0.198641 0.843514
0.843503 -191.894627 -0.000967 -0.601462
-684.786560 -721.944015 -2.145379 -2.259760
-125.436351 -195.024624 -0.394395 -0.612621
93.397265 47.602153 0.297777 0.148209
529.859422 484.907724 1.661149 1.527056
-5.122909 -115.197520 -0.015737 -0.362534
-760.809222 -217.093741 -2.381705 -0.687462
-21.530905 336.314133 -0.067575 1.053229
-348.264741 -290.209471 -1.089810 -0.905568
285.554383 -400.798600 0.894592 -1.254340
300.705234 36.564476 0.941163 0.111546
449.669446 -332.522949 1.411925 -1.043215
-261.627251 -145.111517 -0.824394 -0.452372
-16.142030 -228.227878 -0.054977 -0.711924
246.840630 268.936126 0.773270 0.841907
226.549258 34.352775 0.707043 0.105455
112.230680 95.493489 0.350086 0.303192
-337.365169 158.958405 -1.055985 0.505484
300.921884 -224.181520 0.945372 -0.703781
-295.149362 460.034970 -0.926341 1.439202
-74.547936 29.803395 -0.230239 0.095613
132.093582 351.238302 0.419121 1.105187
195.013051 -39.053529 0.611431 -0.120880
247.427458 -418.348082 0.782553 -1.312167
-244.111864 -145.227845 -0.762861 -0.459146
364.875707 16.913600 1.143242 0.051999
-329.899573 28.378611 -1.035481 0.096342
-272.225926 494.582697 -0.854324 1.554030
-322.639464 -107.379274 -1.011490 -0.335419
140.867430 239.068286 0.441131 0.753311
713.796983 425.140050 2.239073 1.330274
-216.888461 -317.098742 -0.678935 -0.991636
-121.106282 -136.092389 -0.378931 -0.431366
-195.445169 -556.044836 -0.618887 -1.746770
-63.285468 670.564229 -0.198473 2.102228
-377.388548 602.041108 -1.185205 1.892248
364.158141 537.698984 1.144194 1.682774
291.309987 -803.156892 0.908663 -2.519833
-492.148502 144.218932 -1.543217 0.453427
-158.916655 163.939505 -0.497178 0.517965
520.686166 199.433382 1.632648 0.630177
12.416309 -39.040720 0.041758 -0.119267
655.391068 -320.155631 2.056479 -1.007178
273.438991 398.981951 0.863306 1.248542
-576.235446 104.419230 -1.803105 0.334219
32.277510 -19.744636 0.099030 -0.061102
-15.185728 63.478639 -0.048004 0.199253
89.809590 -64.539986 0.282548 -0.200331
-142.921821 -48.173686 -0.451343 -0.147280
405.313827 -245.282824 1.269738 -0.777306
-395.065955 -7.885473 -1.234317 -0.025339
-442.985909 -303.745474 -1.386408 -0.953335
34.339795 264.140493 0.107242 0.828094
54.278456 -19.823788 0.165141 -0.062327
644.138408 1.557205 2.018633 0.005362
-117.395842 -65.247005 -0.368602 -0.199811
-96.874750 227.305303 -0.307774 0.708370
-297.946334 425.945278 -0.933857 1.333126
-676.207138 -94.099281 -2.123259 -0.292900
-116.012481 46.942909 -0.364369 0.141716
286.636937 471.442106 0.895255 1.477557
-128.607441 86.096102 -0.401923 0.276963
11.225333 -105.592859 0.034275 -0.332190
-254.417515 264.152542 -0.797354 0.832035
-87.677849 -313.773473 -0.280492 -0.985368
-343.912869 -13.531092 -1.079686 -0.039621
482.245686 173.635026 1.505506 0.541521
313.720010 112.592994 0.988241 0.347775
197.295059 -153.471332 0.616001 -0.471967
230.293612 238.517931 0.722481 0.748380
320.742217 134.000200 1.006210 0.418539
117.434509 -210.996433 0.370493 -0.661241
324.187894 669.205226 1.017900 2.095335
100.109419 -62.956539 0.320927 -0.198008
-412.647899 382.507121 -1.286679 1.201566
-259.172111 245.442400 -0.817770 0.765917
348.522126 -109.306406 1.092051 -0.339918
59.805941 -272.692308 0.182714 -0.850696
-237.714569 305.053229 -0.739633 0.956983
-324.062800 372.747800 -1.014227 1.166633
-895.361277 -538.003735 -2.802772 -1.686076
129.166889 -240.650473 0.402567 -0.756026
-289.816556 -468.977350 -0.911019 -1.474498
-646.117856 -510.562354 -2.024520 -1.604252
-127.490869 0.001653 -0.404203 0.004942
67.425966 345.610824 0.211378 1.083398
363.361797 -208.808708 1.138556 -0.653896
676.098678 -716.932646 2.115134 -2.248215
-37.073729 -395.632519 -0.116825 -1.240483
-42.037703 476.891774 -0.131572 1.494060
-236.058436 404.426766 -0.738307 1.267342
399.701002 -20.377318 1.253487 -0.061861
-659.931947 410.141263 -2.061799 1.294596
289.686954 -29.326579 0.906508 -0.093179
165.905914 -90.016130 0.517322 -0.274580
2.686745 -1013.285194 0.009108 -3.179692
303.674312 355.301463 0.953990 1.118492
67.166483 -118.996094 0.207624 -0.368071
178.416368 -91.035169 0.555906 -0.285457
-13.450625 290.276578 -0.046084 0.912406
415.308492 -67.275460 1.291963 -0.207237
157.133294 -50.999817 0.492372 -0.165690
408.770701 101.768528 1.279714 0.319192
110.562287 543.918756 0.346490 1.709214
-224.525066 -87.835182 -0.702355 -0.277790
-377.085579 -230.569965 -1.185501 -0.722439
464.115324 -331.278449 1.453068 -1.038496
464.714783 546.408921 1.461382 1.713734
-84.223419 -252.651863 -0.262741 -0.792023
51.903973 146.724321 0.160267 0.458748
-47.491360 290.334717 -0.151041 0.906128
374.165697 -33.887694 1.175466 -0.106741
-66.951517 -354.715687 -0.209282 -1.110062
377.754341 -46.962856 1.183296 -0.146360
295.889992 205.937014 0.921985 0.648767
-314.270478 414.963324 -0.987297 1.301955
-82.655813 -597.355284 -0.258864 -1.875827
268.080335 -178.348653 0.843929 -0.559416
-80.501544 116.841524 -0.249985 0.361425
159.064596 -184.728299 0.495867 -0.583040
81.850673 562.221241 0.250106 1.764379
-3.637469 302.264265 -0.010169 0.947262
-51.000094 285.121318 -0.162068 0.897383
-210.790911 640.855714 -0.656599 2.006670
76.560713 -321.252670 0.243414 -1.003336
212.914474 -95.130677 0.663182 -0.295023
385.132998 404.590814 1.209675 1.272388
529.267684 -191.323629 1.657381 -0.605663
544.187195 91.615681 1.711448 0.284356
-346.217253 -137.163622 -1.082949 -0.423497
-67.675304 -106.034576 -0.205861 -0.334243
-236.966232 -361.777985 -0.745196 -1.134132
-143.284252 68.306873 -0.453892 0.212758
295.169903 112.537917 0.921057 0.360705
-488.212725 203.399367 -1.526382 0.644701
421.637180 679.353192 1.327268 2.134415
-313.192935 -466.814127 -0.986237 -1.460708
