1090 1357 593 0.74
208.518156 -322.976372 0.619585 -0.958470
-316.504567 121.484732 -0.940669 0.355292
-106.581455 -30.203107 -0.310908 -0.097727
365.780926 35.127796 1.085749 0.102817
-25.681346 -163.682761 -0.077917 -0.488225
-39.167838 -269.849381 -0.117017 -0.800802
39.310934 -285.439408 0.116381 -0.850516
-466.143292 175.753313 -1.380773 0.525259
80.679220 174.745150 0.239620 0.517837
-160.276107 -196.186178 -0.477289 -0.578542
660.702948 -563.294635 1.965285 -1.673318
-252.181594 -44.882946 -0.744748 -0.132244
-199.769396 5.768617 -0.591659 0.021026
129.830081 121.073124 0.385565 0.360703
11.071334 342.377237 0.033642 1.019747
-397.424547 -81.169201 -1.176293 -0.244612
80.697500 249.528260 0.242898 0.738848
-208.142094 -123.531097 -0.611952 -0.369570
925.217218 282.264586 2.746333 0.836396
50.067180 -202.082482 0.149964 -0.597508
416.961915 -66.701343 1.238008 -0.198811
-397.696958 424.802120 -1.180038 1.260728
-419.231197 -736.118922 -1.244822 -2.183463
62.776556 576.776417 0.189641 1.712929
238.943919 444.301294 0.712490 1.317789
-167.924460 127.842519 -0.499198 0.379192
403.813547 -122.663489 1.194930 -0.362362
-36.864307 -171.169727 -0.107557 -0.512435
-73.717623 367.477813 -0.224031 1.090227
278.690768 -363.615199 0.826423 -1.080793
-759.627832 -531.671919 -2.249042 -1.582147
464.829124 -490.313560 1.378958 -1.455790
-111.231064 553.538617 -0.330311 1.642138
118.670474 235.395554 0.352551 0.694871
325.043615 -72.659095 0.966219 -0.219333
-179.927209 158.082448 -0.535008 0.461545
447.852884 -201.760928 1.328962 -0.595584
32.538644 -109.713906 0.096137 -0.325141
-322.985436 -735.391526 -0.963182 -2.182545
-93.590331 -461.600333 -0.276736 -1.366756
-59.590824 -932.474410 -0.175266 -2.765428
525.268940 -216.905387 1.559151 -0.645720
646.061750 -80.544976 1.921692 -0.241124
350.787519 233.064232 1.038245 0.690953
5.976912 285.760780 0.018696 0.848793
-77.606447 232.061118 -0.234298 0.693153
-259.547019 873.818233 -0.770763 2.593842
135.652284 -505.066501 0.408350 -1.496897
424.783157 -210.219479 1.257910 -0.623851
513.300648 -125.388138 1.524335 -0.374605
-230.974366 29.772964 -0.679437 0.090386
-361.325452 11.626934 -1.065969 0.035260
-237.497305 -90.880101 -0.707657 -0.268007
273.773600 196.867832 0.813921 0.583356
168.388541 -5.522913 0.499820 -0.018579
320.070576 -113.028885 0.951874 -0.334840
453.070164 81.347590 1.340342 0.236380
185.517009 -124.114887 0.554391 -0.369440
77.715771 -221.634608 0.234000 -0.664575
-351.744282 58.430990 -1.049570 0.170011
465.084971 -92.549666 1.382550 -0.274167
-543.740550 11.928932 -1.614972 0.032294
-15.875136 -205.787123 -0.051606 -0.604146
732.370892 -250.893391 2.170757 -0.749064
268.047025 -42.651892 0.795814 -0.122193
-102.298901 -195.878919 -0.311306 -0.578643
85.891921 322.979434 0.250668 0.956333
164.091250 -228.704003 0.484570 -0.680698
293.657234 -218.096372 0.871853 -0.647844
5.891224 -267.053358 0.014478 -0.792806
-275.138259 160.626970 -0.814772 0.482924
339.363659 78.068706 1.005774 0.232677
-508.079144 -454.845780 -1.515531 -1.347715
-202.259091 -7.962316 -0.595562 -0.022003
-98.015328 -3.753116 -0.291822 -0.009445
-287.953820 -392.359018 -0.852036 -1.163389
-978.846875 103.299249 -2.901256 0.308555
126.663787 189.168316 0.382835 0.558906
-363.984969 -484.907100 -1.079292 -1.437072
-353.971963 -416.729455 -1.047305 -1.234604
398.998174 -316.604869 1.187021 -0.938341
-588.896453 559.526786 -1.749628 1.661581
155.922918 -193.497639 0.466483 -0.576148
-195.769259 194.786380 -0.582278 0.584437
567.771246 56.608363 1.685919 0.167990
-644.768517 -27.110366 -1.911553 -0.084830
-401.826533 177.265085 -1.193963 0.524293
541.513711 522.281492 1.607362 1.549390
110.572740 -192.369509 0.327041 -0.571365
530.459753 -273.502470 1.570320 -0.814301
520.600936 -226.543717 1.545377 -0.673604
275.924813 29.781395 0.821828 0.086055
-344.183426 591.632886 -1.024674 1.755487
346.755153 251.592285 1.031167 0.744041
-108.167683 -416.320662 -0.323098 -1.234765
-133.390632 236.530668 -0.393974 0.701034
316.837826 -452.833187 0.934215 -1.338495
610.152570 522.589775 1.816106 1.548773
410.459810 -70.170702 1.218386 -0.207315
-422.076036 217.013997 -1.254789 0.645854
-419.094338 -307.735233 -1.245103 -0.914439
-14.450629 106.915161 -0.042482 0.317396
-531.363916 -115.971866 -1.576781 -0.344719
-794.588307 -567.399011 -2.360400 -1.685795
163.148459 287.926927 0.482109 0.854081
-23.267770 228.496996 -0.073748 0.680214
50.129883 163.366935 0.145100 0.482231
-537.167299 -183.512216 -1.597970 -0.543607
312.652466 42.047249 0.934458 0.127958
25.152993 -312.424533 0.072176 -0.926208
-288.393018 -225.401318 -0.852907 -0.669937
-731.025845 210.820282 -2.165192 0.623091
39.722258 153.073367 0.121146 0.461407
-43.365711 -452.692232 -0.130876 -1.342478
-24.729268 135.448462 -0.072486 0.402526
410.973377 -560.972970 1.222023 -1.656832
-661.285939 -75.465851 -1.963071 -0.221617
-115.722684 247.352920 -0.341382 0.735611
3.430968 -262.091299 0.007403 -0.780696
-78.434798 -163.031446 -0.229872 -0.486432
-532.170467 -69.023736 -1.580352 -0.202336
320.660111 -276.347692 0.951973 -0.821686
717.246010 -755.705641 2.130570 -2.244090
91.784239 322.380612 0.273260 0.960978
-561.914252 -50.676416 -1.667725 -0.147605
-276.101885 -505.451724 -0.820502 -1.501424
-69.141777 -89.816765 -0.208576 -0.267281
573.490147 -111.193104 1.704475 -0.335018
-210.846373 106.062371 -0.627201 0.315061
-86.441533 -327.922025 -0.257996 -0.976238
63.817500 126.362417 0.188639 0.380425
-48.960769 27.525316 -0.144299 0.084335
-203.445873 330.524296 -0.601487 0.979247
-314.694243 114.474492 -0.931616 0.343718
159.495425 -165.588801 0.473633 -0.489950
91.561601 -84.685739 0.267881 -0.248426
-616.263351 304.217334 -1.829959 0.909723
157.225624 554.608776 0.463468 1.648824
-574.502587 -989.627047 -1.700619 -2.931845
150.731915 -205.275448 0.444008 -0.605512
402.293559 305.931882 1.201688 0.907509
-343.294322 128.235644 -1.012954 0.384454
-102.490326 -33.383552 -0.304384 -0.106507
436.226332 189.389079 1.292323 0.561578
224.644999 -853.618110 0.664294 -2.531458
-171.761003 281.724801 -0.508737 0.838782
245.708681 -428.327093 0.728430 -1.272701
529.408831 78.560016 1.572341 0.237419
211.506961 113.145126 0.629810 0.337777
472.062700 -286.972903 1.402134 -0.853074
-335.612687 163.567127 -0.994501 0.483903
116.571528 59.542873 0.344719 0.179466
159.393911 120.472419 0.469878 0.354648
120.206430 -438.650450 0.354136 -1.296045
293.067887 281.904686 0.868626 0.839752
403.065759 208.068026 1.195141 0.616906
-301.446372 271.632405 -0.892969 0.804711
248.544069 70.199254 0.731570 0.207584
54.399835 209.245900 0.161906 0.623085
-96.493469 -52.219594 -0.290229 -0.152724
589.530400 -56.641959 1.748946 -0.171819
-147.443387 -510.656247 -0.438346 -1.512698
698.743058 -104.180201 2.075145 -0.305666
848.793349 -127.130915 2.519590 -0.377456
-531.934942 -238.387603 -1.580196 -0.710191
-282.223151 311.099974 -0.834813 0.927171
-246.502844 -286.544221 -0.728463 -0.851060
162.982020 -317.987987 0.485179 -0.948432
202.764594 120.192216 0.606714 0.355060
-337.246713 -279.998147 -0.998606 -0.828962
-45.168224 -25.586442 -0.133705 -0.074777
-439.105623 -10.521972 -1.301144 -0.032594
48.701725 284.951553 0.142896 0.843133
-507.986194 269.557654 -1.512602 0.799214
-455.450065 -482.184271 -1.351603 -1.430831
-326.536226 -663.210728 -0.970306 -1.972757
246.818257 -70.957849 0.735449 -0.207712
-61.789890 346.005817 -0.178448 1.026662
359.246281 192.439088 1.069374 0.577048
-505.638431 -376.621805 -1.500349 -1.119058
527.826325 56.786854 1.566344 0.170526
-334.239142 -65.076120 -0.989947 -0.198796
117.111142 -281.288429 0.348628 -0.831770
329.791833 230.359911 0.974994 0.685658
-98.908311 501.456421 -0.295771 1.493674
373.451869 -48.466983 1.106397 -0.146210
-38.458020 -175.657650 -0.115068 -0.528838
536.794935 -197.516604 1.589354 -0.588092
-648.852573 55.438763 -1.920975 0.163440
262.106499 -297.160783 0.780442 -0.886368
-157.250591 -356.254893 -0.465073 -1.060895
-75.348873 -28.937966 -0.228723 -0.082097
71.984407 271.133351 0.216185 0.802249
139.126779 -95.748851 0.405357 -0.283521
-356.879673 -89.827520 -1.056750 -0.266382
40.612946 733.584893 0.120618 2.179060
-443.135569 -513.439264 -1.315313 -1.526050
-652.530593 -466.651342 -1.938495 -1.389369
-133.800950 -228.962150 -0.395077 -0.683208
-479.418446 87.638600 -1.422133 0.261191
48.067971 -269.735442 0.144043 -0.799114
-208.190985 302.185517 -0.618251 0.894315
-2.375163 -270.109876 -0.002745 -0.797862
-282.368170 149.964472 -0.833684 0.443428
497.690853 46.422749 1.476774 0.137227
37.922790 -269.060231 0.116046 -0.794936
-115.002145 345.845926 -0.336938 1.024031
439.872115 115.766720 1.301933 0.343984
89.006863 -432.625201 0.259875 -1.284009
-31.602498 -360.041085 -0.095332 -1.067698
-31.179502 190.121827 -0.090840 0.567024
425.039124 -472.842484 1.261557 -1.401552
-223.916245 -59.144140 -0.667283 -0.178719
-58.252888 246.941743 -0.167394 0.729549
-398.010538 334.008990 -1.179018 0.990218
-162.734175 -226.377115 -0.478485 -0.671417
229.366900 -481.678246 0.676700 -1.432906
62.888046 278.995281 0.189014 0.829346
2.599419 -392.542545 0.007581 -1.166511
-12.640611 -80.787005 -0.040426 -0.243193
303.666809 135.908727 0.898144 0.403932
-599.588186 306.492657 -1.776391 0.907941
-666.704539 -337.195275 -1.981884 -0.996016
-631.516166 325.639158 -1.877130 0.964276
-248.861655 770.356768 -0.736321 2.284614
629.925529 -146.997771 1.863882 -0.440588
153.390125 191.460506 0.449830 0.566629
-520.885640 284.023445 -1.544663 0.843283
-95.759894 -294.000505 -0.287129 -0.877808
275.433328 -605.160683 0.819153 -1.797242
76.442838 150.053757 0.226364 0.442523
-244.141278 138.155218 -0.722929 0.409702
227.287405 230.696858 0.681047 0.687028
174.900073 204.823676 0.514922 0.612991
-161.100893 316.240281 -0.473875 0.939473
-128.417752 -228.196967 -0.378198 -0.675108
91.440641 29.414881 0.270812 0.086578
604.451581 -112.075573 1.798103 -0.333820
-252.983974 -96.953736 -0.755491 -0.286462
350.691816 -586.186766 1.041355 -1.741514
-63.875026 269.134170 -0.186973 0.805423
-210.843783 -89.900972 -0.622932 -0.266502
-147.924132 -220.136639 -0.436413 -0.653898
-17.530983 -183.451525 -0.054314 -0.546878
-112.757592 -291.395382 -0.334565 -0.860864
-56.541745 -24.671883 -0.171671 -0.070463
678.920819 -65.605441 2.013662 -0.196961
128.465550 111.181653 0.382921 0.328320
166.026791 287.383048 0.485760 0.853192
-358.070399 445.227493 -1.060679 1.316665
124.056891 10.988571 0.367938 0.031229
-569.053274 647.973607 -1.688068 1.922837
555.106838 248.076056 1.652772 0.736706
-246.255063 -282.881089 -0.732463 -0.845954
369.216851 -114.718014 1.096717 -0.337856
-359.440132 220.422922 -1.072288 0.651005
64.056247 278.197839 0.186181 0.824518
436.208871 90.372286 1.295298 0.267074
-411.051884 -75.298872 -1.219275 -0.227754
-171.039643 -507.987200 -0.502725 -1.507971
-52.825038 -68.627323 -0.157878 -0.206833
-388.467603 160.101131 -1.150116 0.472418
718.203445 -362.032231 2.128967 -1.067606
530.774292 -163.851828 1.572736 -0.489040
488.803464 348.078641 1.445459 1.033102
-9.874944 54.003501 -0.031604 0.159915
669.497602 -132.636202 1.986302 -0.393757
156.037226 394.971103 0.455614 1.171081
394.398947 597.188006 1.166823 1.775329
178.020513 126.549358 0.528743 0.376971
-41.806394 -217.959516 -0.123017 -0.641710
677.027515 343.618730 2.008030 1.019157
-359.611699 36.123018 -1.067615 0.114738
-22.002420 989.980134 -0.066905 2.939905
362.372349 -6.046595 1.075555 -0.015403
181.046004 376.996612 0.537779 1.115062
-455.934583 12.256659 -1.347450 0.040896
-97.982675 -87.065838 -0.290481 -0.255284
426.675834 -154.809552 1.267396 -0.459043
-270.331205 41.221991 -0.803994 0.123341
285.097861 -509.216825 0.841215 -1.509803
399.440095 63.623454 1.186860 0.188545
223.289075 -380.498964 0.668804 -1.129311
-272.814469 -0.530190 -0.806133 0.001518
-161.706240 -257.020378 -0.475021 -0.763344
-103.370019 199.742804 -0.306568 0.596839
70.960043 -172.317008 0.214164 -0.508513
-362.819142 -180.853219 -1.077152 -0.534763
-17.964131 -18.597156 -0.057193 -0.056746
371.423769 322.217536 1.101922 0.957141
135.932825 130.209552 0.402857 0.381590
364.656366 1079.226459 1.082620 3.198985
588.066898 -330.274264 1.745083 -0.978728
462.662984 113.502850 1.374449 0.339859
213.890687 -88.181431 0.631336 -0.262683
-434.808708 260.180107 -1.287929 0.779355
74.079511 331.078894 0.222018 0.985459
-677.634716 -55.119672 -2.010573 -0.164862
55.740508 -45.972776 0.165055 -0.137693
543.749648 227.216587 1.614642 0.673443
-230.951966 -382.245751 -0.681364 -1.134765
-256.862889 -157.944134 -0.762482 -0.465205
600.496184 -118.286221 1.781801 -0.351511
-329.486861 444.125657 -0.972298 1.323650
-75.554091 -117.029090 -0.224778 -0.340743
-591.349853 -49.603677 -1.756308 -0.145910
152.711267 -96.881344 0.450780 -0.287353
130.170149 -98.618918 0.387287 -0.294223
-78.084937 -396.980767 -0.232783 -1.177497
238.987174 -142.672800 0.705767 -0.422993
-156.094600 -151.747101 -0.463055 -0.448047
58.224107 -57.574731 0.174513 -0.165855
600.522436 218.113841 1.787199 0.640599
78.589691 -296.437122 0.234524 -0.879512
98.956093 -24.980179 0.294356 -0.079491
585.546996 268.885938 1.740310 0.802593
-363.233490 620.375576 -1.082191 1.836998
5.365925 -26.943500 0.015428 -0.079159
-686.433788 -778.710917 -2.033588 -2.312284
201.747832 -157.798540 0.594200 -0.472051
-305.952496 -449.559794 -0.905361 -1.329491
-214.860131 357.987335 -0.637056 1.063433
-284.140694 314.643329 -0.841397 0.937955
-118.444740 399.457291 -0.352434 1.183489
-315.955882 -370.293035 -0.936623 -1.096749
534.529021 -127.112619 1.580960 -0.376533
-12.033273 456.322634 -0.036166 1.358623
-369.375690 201.108465 -1.093973 0.596276
180.197943 -167.553468 0.533382 -0.499437
-206.710463 871.486182 -0.614133 2.586919
278.243835 36.171188 0.826282 0.109884
-209.678460 146.039192 -0.620836 0.429388
783.567608 193.255750 2.326897 0.575571
-236.720180 68.004389 -0.700262 0.200554
354.244213 -455.091286 1.050941 -1.348294
-65.500029 394.579672 -0.194929 1.171924
-21.298113 523.804606 -0.061533 1.557744
-227.761296 544.906284 -0.676603 1.614754
-147.362887 -73.008345 -0.440232 -0.217869
158.801018 343.087931 0.469184 1.013826
60.663613 93.453391 0.179380 0.278262
-268.884945 236.167323 -0.788806 0.696429
350.460829 273.470856 1.037622 0.812656
104.233518 609.561690 0.304326 1.810249
-111.061961 18.902280 -0.330358 0.059092
-113.184936 -110.154570 -0.334424 -0.325458
81.819192 683.374870 0.243000 2.023595
117.527722 -608.420113 0.348230 -1.800724
350.183918 -68.737255 1.040571 -0.205779
350.722979 686.957927 1.041301 2.040486
-17.612832 77.988049 -0.049121 0.228084
341.010899 -75.520088 1.012814 -0.229214
493.520139 -201.393159 1.463077 -0.600336
197.208840 -81.229300 0.588686 -0.238004
201.296849 -163.470646 0.597400 -0.487227
-483.217490 209.377768 -1.437142 0.621255
-184.014440 -169.846846 -0.547585 -0.502709
513.546971 -217.201278 1.522959 -0.639774
-705.368510 143.896509 -2.093239 0.424227
964.882643 190.318071 2.864936 0.567650
-60.412387 198.296089 -0.180208 0.593709
65.448508 55.285991 0.191033 0.172679
319.918542 -53.643843 0.952874 -0.154020
107.640749 -461.662390 0.319689 -1.364116
-220.154185 -93.225413 -0.649611 -0.281749
-590.367460 -101.298390 -1.751285 -0.300547
-741.163083 -454.150099 -2.199313 -1.350218
207.062322 187.603650 0.617208 0.559187
162.389567 -52.944428 0.478863 -0.159975
217.051820 -6.910821 0.644226 -0.026554
353.498933 170.145373 1.052234 0.504669
140.215895 -449.803970 0.416155 -1.337651
-102.707011 319.779584 -0.306893 0.947287
502.070972 -569.704525 1.488520 -1.695665
148.145953 122.382379 0.444676 0.363823
90.053497 28.201742 0.267213 0.084764
98.129405 -490.465393 0.297279 -1.453693
282.690319 46.367614 0.840618 0.137898
653.262940 272.176983 1.941135 0.806518
-103.891907 -514.923572 -0.308314 -1.528407
110.323449 74.257501 0.322613 0.224677
476.892339 274.236017 1.412649 0.814304
0.179498 -47.689348 -0.001401 -0.140601
-215.021591 335.558517 -0.637414 0.995631
-358.080549 559.745036 -1.060278 1.655297
-355.045703 172.005053 -1.051772 0.506587
-277.548368 73.320155 -0.825239 0.217209
-46.622435 171.772672 -0.135708 0.506312
-287.490701 110.866883 -0.854935 0.331559
524.685802 -30.882954 1.556070 -0.089396
67.622067 -41.349565 0.203431 -0.121231
178.156110 37.953469 0.527681 0.106903
3.086554 249.686622 0.013064 0.742654
-290.281691 -58.511601 -0.866300 -0.174473
-239.293796 445.374780 -0.710721 1.315414
287.592735 -6.899679 0.855990 -0.024750
-220.431859 -25.636764 -0.649322 -0.082142
-732.521287 -370.306433 -2.170419 -1.102924
-482.509329 -57.219792 -1.431486 -0.169303
-109.705035 155.272611 -0.328713 0.459945
12.187810 105.044251 0.038060 0.309945
427.521986 -139.910439 1.265197 -0.414644
-248.827777 66.298314 -0.738280 0.194112
217.288434 -483.614247 0.645455 -1.433340
-303.606358 -866.135624 -0.895768 -2.570551
410.850722 80.625698 1.219916 0.239781
-319.676229 741.418525 -0.945982 2.199515
-253.399420 2.068487 -0.750715 0.007792
135.112734 336.949339 0.402307 1.000435
587.347677 58.203058 1.743058 0.179173
-263.497184 587.131835 -0.781775 1.743578
-12.974529 -432.359533 -0.036888 -1.284534
-214.750688 236.198941 -0.645708 0.700883
216.435038 -79.899994 0.642450 -0.236683
-53.680513 449.303297 -0.165714 1.333764
-563.205098 270.231766 -1.670384 0.801196
448.678200 -65.658598 1.325725 -0.197711
215.901547 455.177714 0.637918 1.348815
-83.833700 184.105095 -0.250857 0.548097
440.790540 -201.802123 1.313943 -0.595467
-929.740516 616.083831 -2.759582 1.828288
-243.023328 147.499365 -0.721420 0.434656
-115.642807 168.181557 -0.342477 0.503677
588.022797 -146.111012 1.743066 -0.432920
-185.773299 841.082347 -0.553434 2.490038
447.607641 419.347091 1.326278 1.243775
265.041989 -222.054042 0.783072 -0.662557
-147.128800 -311.100817 -0.438714 -0.923314
848.932388 425.880517 2.520701 1.267426
-202.962444 -143.259610 -0.602896 -0.426032
491.996355 -19.628196 1.463968 -0.054713
217.000311 90.069171 0.642977 0.263918
-315.145669 -193.128480 -0.928635 -0.572258
-1063.323070 301.568483 -3.162490 0.893266
415.064835 160.793926 1.231289 0.478171
-208.311161 -88.475784 -0.619671 -0.266509
-679.597471 588.281941 -2.015780 1.745636
365.364818 -90.248839 1.084075 -0.263227
-351.123669 -187.600046 -1.042390 -0.553469
320.598083 -125.220206 0.951619 -0.374140
297.345662 666.122770 0.883179 1.974673
157.325701 -510.987204 0.467624 -1.519679
-42.514811 -334.199146 -0.125909 -0.996132
-529.164625 -151.118200 -1.571677 -0.447680
139.480304 -250.220979 0.415020 -0.741750
-321.794229 1074.316859 -0.954895 3.186106
-31.285018 -173.989948 -0.091664 -0.514900
-745.632339 -309.351438 -2.209606 -0.919193
-359.349223 -236.252586 -1.064139 -0.697686
303.501623 552.558182 0.901378 1.640747
-378.410522 -412.338373 -1.121914 -1.226823
-66.355292 -250.742746 -0.197831 -0.747426
-354.690862 -285.302518 -1.057445 -0.842106
-305.296571 594.444003 -0.905275 1.761883
240.144023 -367.530353 0.713322 -1.098796
-9.840714 313.406747 -0.035012 0.928058
-253.644151 -72.719221 -0.755631 -0.211994
-111.986122 -349.472732 -0.330810 -1.041273
-79.201013 -207.186449 -0.233045 -0.617320
432.657384 249.647627 1.286558 0.741603
-459.793296 26.441308 -1.363042 0.076997
-129.573617 171.877210 -0.383685 0.507754
78.848386 961.511124 0.230509 2.853196
-152.537501 557.980607 -0.448233 1.655294
142.931928 -34.965043 0.427863 -0.105815
328.088198 332.116388 0.969791 0.983133
71.194135 607.552297 0.212197 1.803627
-314.314184 638.275628 -0.933224 1.899654
246.917257 -150.372211 0.731237 -0.450046
394.604018 -23.726469 1.170435 -0.072394
93.943558 -80.468652 0.281133 -0.237239
-134.038866 66.053633 -0.397406 0.197112
19.595261 91.600199 0.058243 0.271005
359.504982 147.616411 1.067211 0.441851
-168.042519 -353.633210 -0.496519 -1.052575
311.378809 -304.335873 0.928901 -0.903090
70.239103 -199.808946 0.202894 -0.591212
-132.338711 -523.137473 -0.397585 -1.559686
-69.130217 -237.627993 -0.204951 -0.705584
83.525424 -58.547038 0.248328 -0.172905
779.994391 -559.116656 2.313214 -1.660146
560.035970 488.849859 1.662035 1.454442
-57.324739 -416.583481 -0.172782 -1.233681
-243.894026 -396.246201 -0.727564 -1.174163
-486.863098 -17.914026 -1.445071 -0.048884
-65.306565 -11.067996 -0.195414 -0.032399
472.315274 -626.534452 1.404839 -1.862139
520.757450 459.414531 1.543125 1.366455
119.046046 268.136593 0.351043 0.792079
-322.251776 231.794699 -0.959438 0.686100
-296.499424 188.594201 -0.879958 0.563303
-342.757878 -141.893407 -1.018287 -0.420593
186.074031 -33.912138 0.553615 -0.095614
59.521401 310.460723 0.174998 0.916956
-136.136724 178.879175 -0.407439 0.535895
-81.724714 -318.932220 -0.243329 -0.947318
298.288874 466.142613 0.883603 1.384712
132.528818 813.350851 0.389647 2.412514
-643.009452 265.460385 -1.912220 0.786743
-184.843724 314.151246 -0.548804 0.930696
-226.763947 251.421872 -0.671919 0.745242
16.353719 -43.953829 0.047075 -0.132014
259.341408 162.195741 0.772584 0.478913
361.687448 -103.903373 1.072004 -0.310762
100.289983 -109.126854 0.297122 -0.323396
-526.980845 -175.796164 -1.560911 -0.525245
-330.919267 -190.740486 -0.982196 -0.567787
159.637267 -517.536555 0.476760 -1.536015
-293.415938 71.079556 -0.871520 0.211104
74.993020 498.760717 0.220763 1.479547
274.552791 309.559566 0.813870 0.921223
906.796914 386.265850 2.690107 1.145974
-147.135212 183.638421 -0.430203 0.546336
124.046259 -55.986126 0.360167 -0.166877
2.811542 290.826427 0.008006 0.861570
-387.094365 -41.945341 -1.146801 -0.125895
666.413399 120.911028 1.981231 0.354388
-484.573889 299.367992 -1.435955 0.887342
-321.643101 -108.859417 -0.956197 -0.320896
625.641657 496.913327 1.862748 1.477751
13.039996 -197.303484 0.040386 -0.586617
91.652521 -337.847212 0.272194 -1.004779
303.396769 -715.967946 0.899975 -2.116843
-412.117400 112.808403 -1.223820 0.336137
-354.020801 -314.180167 -1.051451 -0.935270
-109.351976 13.990614 -0.328782 0.044662
348.666889 -342.517142 1.031213 -1.013258
-128.276638 23.051429 -0.378919 0.065410
-228.002223 -28.937264 -0.675889 -0.080558
577.436357 -114.525447 1.713529 -0.339524
-634.239843 -201.009700 -1.880192 -0.602735
-354.249952 30.208063 -1.047922 0.094749
-421.435809 172.183784 -1.252926 0.507780
218.964317 20.697144 0.642958 0.062120
286.766770 13.129251 0.855097 0.034494
-515.969655 -241.474172 -1.531596 -0.711516
533.322764 -726.242138 1.583546 -2.152177
-678.160920 -177.476785 -2.014158 -0.527188
90.810785 515.649376 0.268269 1.523634
-97.466242 114.601644 -0.286408 0.335015
360.250318 -65.208414 1.069743 -0.192602
159.612762 203.904521 0.472166 0.606744
-30.032494 -510.874015 -0.085610 -1.522173
-122.435835 -311.534878 -0.359553 -0.927409
-77.635090 -164.906974 -0.229573 -0.485475
201.645771 -25.675022 0.597062 -0.075990
205.321685 -150.671550 0.609314 -0.446385
54.152883 -272.512275 0.159400 -0.804711
-261.563456 -289.981866 -0.773903 -0.858094
177.279488 579.921839 0.527112 1.717887
-717.326082 -523.359019 -2.131199 -1.557423
-563.077704 -43.644075 -1.669871 -0.132983
98.054044 181.367594 0.289824 0.534559
-102.337700 -74.806037 -0.307645 -0.220579
225.819979 825.017445 0.669000 2.448180
377.836518 -190.850215 1.119018 -0.563187
-527.570173 -560.114886 -1.564352 -1.660509
68.432343 -59.833468 0.203888 -0.179819
-359.737237 -286.857068 -1.068928 -0.850698
49.114956 127.433436 0.149173 0.374435
-166.451784 109.315440 -0.499905 0.324077
-365.460444 -422.307307 -1.083309 -1.253525
-843.860631 -29.425585 -2.505689 -0.090090
-73.743601 244.581496 -0.218673 0.730826
-167.531377 -151.780378 -0.495287 -0.448532
-2.953014 28.128330 -0.014112 0.084202
16.204993 -318.518530 0.043501 -0.944185
-562.707990 -412.895053 -1.672218 -1.226446
126.516658 -188.567123 0.378205 -0.558229
-202.704669 374.257361 -0.595911 1.108908
130.349813 695.963046 0.387692 2.061425
328.884194 33.475187 0.973200 0.097588
-79.368393 -197.339137 -0.236239 -0.587383
-43.866175 147.633883 -0.131710 0.442037
206.519780 460.321932 0.617346 1.364414
180.107589 107.346539 0.531296 0.316667
334.735494 332.262973 0.988794 0.984668
-491.772198 -186.190096 -1.467408 -0.553921
-495.600300 201.094176 -1.476258 0.596656
-655.334139 -294.978668 -1.946561 -0.872740
186.440765 139.195298 0.553147 0.409049
-721.594126 627.085447 -2.139953 1.861969
-129.676579 -170.162720 -0.383871 -0.505386
-270.683207 -536.241643 -0.804411 -1.595212
211.027370 301.318285 0.627591 0.889190
274.810046 -78.096445 0.819154 -0.237253
50.764870 -91.963967 0.150215 -0.272529
-150.585272 -387.975428 -0.448874 -1.159634
388.069917 266.107604 1.150540 0.792257
-607.263264 170.481562 -1.805408 0.508075
-0.339386 -171.072169 0.006470 -0.503830
619.345412 178.664412 1.843655 0.528031
1.661119 -93.869943 0.003227 -0.274214
-437.571509 496.390381 -1.296717 1.473946
-69.271061 276.292753 -0.202996 0.818494
-174.970532 -70.183353 -0.514650 -0.212272
-448.555945 -180.621127 -1.329893 -0.531952
-140.346683 -215.724624 -0.422103 -0.641081
-366.470964 257.210351 -1.084858 0.760089
268.779387 -708.693071 0.804498 -2.106496
-300.172784 -599.407191 -0.889653 -1.778122
-367.293298 -581.562654 -1.089679 -1.726711
312.659532 -107.004604 0.931007 -0.314855
718.531450 -372.853022 2.132381 -1.109115
-401.079089 41.593742 -1.191190 0.128889
158.369363 254.443427 0.472756 0.755672
-7.769541 -376.548693 -0.018428 -1.118001
135.609615 491.545201 0.397285 1.458483
-133.820874 289.711171 -0.399768 0.856710
-544.938855 -94.141006 -1.617519 -0.282468
200.188820 -318.420506 0.591959 -0.947005
44.906299 81.395708 0.133317 0.243025
105.977207 17.098940 0.316494 0.056975
598.020590 696.570783 1.775077 2.068324
558.336523 176.357920 1.655957 0.525457
183.688148 -14.524229 0.549273 -0.044508
-218.148369 -291.678851 -0.643041 -0.868169
-323.411545 16.807798 -0.962634 0.047981
-344.547663 -538.075133 -1.018002 -1.590802
131.884377 -347.200614 0.388979 -1.028922
-13.899060 203.675259 -0.045294 0.603488
-230.831671 -76.305542 -0.688286 -0.227659
349.526656 -305.047686 1.037183 -0.903196
13.827545 -182.984816 0.038182 -0.548131
174.854799 116.206418 0.521669 0.341842
-424.570434 123.596494 -1.256983 0.365274
-181.649854 -10.874223 -0.540841 -0.031510
323.089325 269.829125 0.958701 0.801843
157.497329 329.379621 0.468349 0.984259
284.148986 -293.942625 0.844391 -0.872977
689.202109 327.614551 2.042047 0.973641
381.283397 249.716743 1.129480 0.744570
-129.726257 429.409660 -0.384675 1.270024
-64.697899 -243.612105 -0.191150 -0.722034
60.150809 -99.600981 0.176287 -0.294078
247.850901 13.004931 0.729132 0.038885
-189.096345 65.257182 -0.561455 0.191904
428.998045 -365.110279 1.275388 -1.086940
-169.443128 -92.436477 -0.505608 -0.269474
-345.914145 323.369570 -1.026626 0.964807
-235.874287 392.938917 -0.698813 1.164800
-78.736093 -207.596040 -0.234000 -0.613861
146.098401 -116.701634 0.434973 -0.350936
555.192577 298.098460 1.647432 0.880822
155.181049 251.442560 0.462954 0.751400
-612.680904 -358.644073 -1.820069 -1.065303
-248.813134 185.586293 -0.733882 0.552056
-791.854175 -69.491436 -2.350491 -0.205317
215.186507 -399.221102 0.640050 -1.184747
-258.574649 29.121021 -0.768795 0.085696
-249.519134 614.806806 -0.743307 1.824089
-140.118648 372.368550 -0.413648 1.103208
-96.895497 433.500543 -0.285578 1.283325
89.252283 397.558087 0.267089 1.179755
-116.270172 -150.466990 -0.345706 -0.446023
-368.602733 588.998437 -1.088804 1.748862
325.937334 -186.683019 0.967183 -0.552987
31.242719 486.670453 0.090063 1.444222
185.268878 452.120997 0.549877 1.343564
-87.225422 528.710482 -0.263167 1.567765
269.964422 51.252808 0.797916 0.152934
24.358778 78.065062 0.073817 0.229350
497.526079 309.171400 1.474027 0.919372
374.926673 -712.035801 1.114735 -2.113197
-49.707912 33.547336 -0.148538 0.101145
-9.961265 318.132098 -0.027397 0.945109
576.205097 -79.450079 1.711505 -0.237141
-643.203581 19.072196 -1.905696 0.056089
-362.526208 557.613610 -1.074829 1.653737
-338.236085 109.168773 -1.008171 0.324032
230.657198 -162.233929 0.687561 -0.480584
-148.085148 -290.406136 -0.434489 -0.857552
-711.090436 531.864779 -2.108666 1.575488
-116.544741 61.184175 -0.350633 0.181974
-348.062245 581.393896 -1.029510 1.730449
47.449792 106.868133 0.140601 0.314710
-372.320347 252.653507 -1.109761 0.746623
-420.549973 472.224908 -1.249722 1.399325
-70.202519 -360.763320 -0.203735 -1.073887
-333.760783 265.772528 -0.985444 0.786905
-222.426516 270.667938 -0.661661 0.805227
-318.480669 4.080394 -0.944967 0.010376
85.388264 -139.312001 0.258159 -0.417429
-68.076533 -30.128074 -0.199526 -0.094992
396.905457 246.983263 1.177680 0.728256
-321.386544 -228.949790 -0.949892 -0.678802
263.435711 43.102321 0.777909 0.127738
101.287994 -498.211841 0.300335 -1.476585
-597.649182 -267.256196 -1.768573 -0.792985
658.751809 1.032610 1.960053 -0.000627
-173.709761 229.373967 -0.517069 0.678158
-709.817923 -222.330832 -2.108955 -0.658075
213.615458 125.316334 0.633171 0.369649
564.221497 62.054770 1.668600 0.185381
188.419001 -139.749645 0.555221 -0.415443
-210.067361 -559.697337 -0.625735 -1.657730
128.321269 -263.631871 0.380376 -0.782174
182.846688 200.919036 0.543729 0.596917
90.173699 3.176905 0.265331 0.010483
-629.545847 -61.443304 -1.865595 -0.179359
719.200022 -86.894711 2.131773 -0.258672
276.198940 -12.088518 0.814219 -0.034449
165.590896 -386.268343 0.490973 -1.151660
244.174135 -818.567916 0.718895 -2.433533
-703.958593 196.354398 -2.090546 0.578396
-70.676401 -631.858395 -0.209886 -1.875294
-640.129111 609.112127 -1.896712 1.811063
206.070904 634.970269 0.610916 1.887748
-497.625040 350.486723 -1.478960 1.039355
-302.065695 -465.440113 -0.897258 -1.377915
-422.875933 -199.261958 -1.253655 -0.586323
26.933397 572.723702 0.079668 1.699344
182.088307 -471.619255 0.539721 -1.397066
-519.711454 512.892417 -1.540308 1.520480
466.452360 294.855998 1.381004 0.874284
-67.577278 -621.944202 -0.199754 -1.847400
64.501652 202.354743 0.187902 0.603251
453.225273 -103.293595 1.338093 -0.310581
-225.319160 -101.178562 -0.667972 -0.296167
346.539765 51.263245 1.028638 0.154241
-143.191554 381.753659 -0.422341 1.130954
-56.681807 228.725440 -0.168627 0.676499
103.905247 -171.864841 0.312288 -0.511886
-307.824001 492.670687 -0.914058 1.463927
-139.084634 99.967725 -0.410448 0.299088
-219.925520 -115.478111 -0.654772 -0.343093
462.507462 532.047946 1.370694 1.580251
-249.082986 183.062144 -0.738824 0.549758
905.574090 -654.780676 2.686384 -1.939784
-8.391422 456.189992 -0.021529 1.360074
56.336318 -280.932570 0.166157 -0.834690
-435.483642 -31.594205 -1.292186 -0.092842
830.489641 739.525621 2.461554 2.197322
425.755405 6.523761 1.262461 0.016679
194.380372 -54.136508 0.574790 -0.161716
-175.543859 -511.231593 -0.525308 -1.521291
-82.342067 336.023922 -0.242922 0.990746
93.904595 -50.113963 0.281504 -0.143604
-130.704960 -410.564198 -0.387224 -1.211806
-5.860596 -271.300180 -0.013660 -0.800808
217.690096 336.255600 0.646860 1.000303
580.176209 327.751224 1.724092 0.969109
323.523429 -163.679675 0.962807 -0.485705
-394.235062 -358.782973 -1.170884 -1.066888
201.947971 373.925266 0.596722 1.110277
-99.602200 -441.640307 -0.293394 -1.307548
-474.415813 -210.851637 -1.402668 -0.622846
-500.738867 -74.757325 -1.486830 -0.222194
161.952082 -303.049648 0.482341 -0.902056
-222.598366 104.150898 -0.662129 0.307828
-69.546051 -179.218239 -0.210369 -0.534040
358.909025 -67.776155 1.058976 -0.199952
-1.660193 373.617065 -0.001378 1.105056
-264.017924 -166.606488 -0.781914 -0.492076
456.086845 -568.280732 1.353377 -1.689595
179.765085 -126.310972 0.536603 -0.382205
141.540406 315.329702 0.420208 0.934892
-622.337527 -391.199174 -1.847956 -1.163222
-362.808216 -125.942610 -1.073653 -0.374817
-339.751543 -362.522214 -1.007558 -1.069647
-86.579535 207.327477 -0.254738 0.618816
405.889760 -400.579390 1.205357 -1.189711
-21.133937 -1006.133993 -0.064102 -2.988872
104.516370 118.079258 0.314291 0.349495
82.740509 -549.751038 0.242900 -1.634944
-249.648051 493.567895 -0.737911 1.471478
130.064007 -105.827025 0.389300 -0.318624
582.725849 -384.001818 1.730999 -1.138483
200.109216 -188.912724 0.594755 -0.562297
192.242106 -457.716260 0.570408 -1.364415
13.353917 773.151572 0.039218 2.290593
-278.240736 -126.181425 -0.827008 -0.371143
211.271044 76.513574 0.627956 0.226718
254.869382 17.893958 0.751327 0.052493
-278.843678 85.143396 -0.828241 0.251050
499.674175 137.672963 1.481448 0.408207
-270.243284 -465.444643 -0.805084 -1.382941
-56.724479 276.514645 -0.161384 0.819992
183.161053 624.487105 0.544361 1.851266
49.755281 -121.723826 0.144028 -0.362951
-106.637830 -261.677390 -0.320596 -0.776789
-7.976410 8.997419 -0.024853 0.022645
66.307838 129.869473 0.199528 0.385596
411.243566 -319.004841 1.223252 -0.938973
54.277853 -8.245882 0.164536 -0.021998
-214.141073 147.295962 -0.639012 0.431574
-217.621221 -101.383361 -0.647806 -0.302394
-479.668576 -60.685975 -1.425834 -0.179019
491.771103 727.722377 1.459525 2.152942
-244.152748 -303.762529 -0.721341 -0.900228
-536.144908 24.516846 -1.590995 0.070624
-138.812566 -506.193696 -0.407999 -1.501302
175.045425 43.518474 0.519796 0.126934
-127.425138 -31.233851 -0.380472 -0.090822
420.873339 355.794398 1.253286 1.059803
-694.748214 -338.844893 -2.055353 -1.003804
-176.740903 349.549990 -0.528413 1.036375
-49.532766 189.192315 -0.150372 0.563362
720.262121 326.900703 2.136568 0.973862
-545.090066 -96.488851 -1.617669 -0.290434
451.846183 -142.283307 1.336236 -0.420997
-349.920387 -134.535505 -1.044329 -0.402519
-455.359158 243.928908 -1.347421 0.723629
-321.746848 529.641606 -0.959623 1.569927
293.330723 746.492281 0.870902 2.207177
907.533179 63.837523 2.690929 0.195270
-225.245441 -985.353705 -0.665951 -2.922873
236.050727 -218.089784 0.697652 -0.646978
-84.173336 323.958779 -0.249519 0.959374
-202.828474 512.374787 -0.602529 1.522944
527.775515 179.104309 1.561818 0.533925
242.223451 -159.149691 0.716943 -0.472747
-479.845012 160.965526 -1.419311 0.478305
91.410140 400.909340 0.274459 1.189730
-34.562562 112.577095 -0.106301 0.336532
-388.487671 469.294989 -1.150974 1.396191
42.679994 23.181242 0.127839 0.068856
44.935331 17.942559 0.126542 0.054258
-359.305124 480.796953 -1.064093 1.426446
-489.016400 -95.912530 -1.449427 -0.280157
-136.783575 198.937609 -0.409075 0.591062
190.599082 -422.985472 0.561575 -1.259432
-296.179204 377.631438 -0.883401 1.124137
10.297692 -276.351036 0.031722 -0.821871
200.724926 -498.830191 0.599612 -1.477779
-616.441063 -93.456404 -1.825006 -0.277149
141.466138 313.183804 0.418827 0.929357
17.088286 -461.419900 0.048730 -1.366459
-235.227259 -58.032329 -0.700294 -0.172038
-20.813693 -241.826463 -0.058475 -0.722309
-16.878857 358.210364 -0.044845 1.064187
305.167931 107.507307 0.909704 0.321672
-238.974495 -612.436400 -0.707959 -1.821742
99.453420 180.822049 0.295257 0.533995
339.648654 -255.008112 1.007583 -0.760989
-170.742693 2.543601 -0.507539 0.007853
-145.387899 -210.773088 -0.433382 -0.622448
420.744551 -385.184452 1.249420 -1.146180
-514.773413 -83.393761 -1.525257 -0.243947
-228.005721 -62.984327 -0.670748 -0.181715
-321.182688 110.019922 -0.953489 0.321240
376.487999 -412.226741 1.121348 -1.222616
84.044625 489.710242 0.253329 1.450166
-240.569574 -66.087194 -0.720389 -0.197984
-102.874497 -300.518986 -0.303809 -0.891088
-744.852859 -389.597993 -2.212661 -1.157190
-455.135479 -271.199356 -1.353048 -0.806836
251.224236 -249.456484 0.742877 -0.738853
-239.639328 -839.734731 -0.706227 -2.492478
-47.135115 47.864093 -0.139454 0.142042
-367.672668 335.214444 -1.088841 0.993129
7.164138 -462.754416 0.018782 -1.366083
-91.994959 -360.214099 -0.272347 -1.062587
-370.102095 298.869624 -1.097638 0.891297
133.680200 -445.691496 0.396928 -1.316557
134.607104 -143.716888 0.398179 -0.422754
223.564261 415.995147 0.660596 1.233393
-531.258181 425.824341 -1.569991 1.267496
-81.095542 -414.205298 -0.241640 -1.228119
106.534889 -415.693565 0.317902 -1.234701
-532.898895 -208.199580 -1.584011 -0.621209
-326.109207 -40.298391 -0.971897 -0.119439
497.809890 117.292628 1.480099 0.345869
-16.332755 -490.801703 -0.043160 -1.457059
27.579609 298.293617 0.077075 0.888815
-602.605973 -129.061244 -1.789795 -0.382225
155.930437 -30.915552 0.464602 -0.085112
-19.213776 464.975094 -0.062934 1.371412
-253.639692 -32.079049 -0.755406 -0.095872
104.971481 384.197101 0.318193 1.132953
-169.696053 284.516035 -0.501514 0.836460
446.968873 -108.654679 1.322167 -0.326849
-30.246287 -568.818043 -0.090878 -1.690944
205.249965 -242.813978 0.613136 -0.724699
-625.069598 -141.451994 -1.852367 -0.424965
-253.029429 -509.493315 -0.750426 -1.512787
93.377014 -400.345912 0.279431 -1.185305
242.711718 -90.170132 0.718215 -0.268223
494.778567 171.479775 1.468721 0.508953
71.758064 281.363464 0.212899 0.840396
96.780020 -247.465272 0.290611 -0.730456
-47.277413 -526.953214 -0.138244 -1.562763
361.012541 -340.355874 1.075555 -1.010485
583.078393 -270.445671 1.731226 -0.802013
-394.440309 -76.694388 -1.168262 -0.226610
221.098910 146.550379 0.655805 0.432674
-227.490757 -61.871925 -0.671488 -0.185204
-342.373251 -56.315302 -1.018610 -0.166742
65.275192 -429.483250 0.195205 -1.279146
-126.464973 146.767174 -0.374875 0.436296
-19.533257 64.981147 -0.061521 0.190323
-210.790269 373.673399 -0.624098 1.112370
18.188107 38.942368 0.056380 0.113345
-784.258879 202.450432 -2.325180 0.597130
-571.034041 -215.129446 -1.694807 -0.641361
478.385735 -88.055087 1.424572 -0.256574
171.962676 -83.960906 0.510941 -0.247955
154.658464 -617.291867 0.460268 -1.833042
-268.801960 -806.758285 -0.799315 -2.391942
233.206687 -383.456785 0.697635 -1.137931
31.265387 -298.069000 0.094750 -0.885433
287.231127 16.478733 0.856379 0.050744
-255.991231 153.393336 -0.751917 0.460204
393.918352 76.404812 1.168576 0.230678
-219.365388 -52.413818 -0.651439 -0.156044
312.477989 -141.008583 0.928172 -0.417528
302.550239 419.643184 0.897931 1.247172
-270.585206 308.210053 -0.805985 0.916282
-111.709693 -13.425657 -0.334342 -0.036699
371.728493 210.848855 1.100901 0.622108
-207.041262 189.135259 -0.613696 0.560657
1080.906147 -166.268113 3.209622 -0.490250
237.125546 -261.296941 0.706137 -0.771192
200.146263 192.141287 0.591901 0.575428
-52.265908 -127.022795 -0.152641 -0.373393
-118.431733 -207.117843 -0.351703 -0.613573
-196.233008 451.247253 -0.584926 1.337198
52.047808 118.625629 0.161829 0.350509
-249.218544 134.444659 -0.739606 0.394959
-50.506630 79.773464 -0.155325 0.238560
-473.551853 -126.734540 -1.406969 -0.382934
-103.527411 -79.412217 -0.308133 -0.238669
272.152337 -112.212610 0.808914 -0.329943
-238.239609 -380.972714 -0.703073 -1.133866
-307.054244 -338.372504 -0.910493 -1.005644
165.252412 262.851073 0.493854 0.778421
-592.806756 -173.738030 -1.757414 -0.516050
-742.244732 154.941192 -2.204111 0.457638
453.699571 431.258428 1.351981 1.283379
-487.750957 -302.649261 -1.450581 -0.895421
-420.743069 -419.197351 -1.257039 -1.245061
319.305918 145.709396 0.945910 0.430038
-214.564527 -147.229427 -0.637036 -0.437148
-403.414211 424.528482 -1.196590 1.260970
478.982670 155.554471 1.416258 0.462523
550.443542 91.289379 1.634994 0.272072
184.001143 26.573960 0.544213 0.076195
-277.696145 -29.003383 -0.824943 -0.085109
-359.044293 -30.412122 -1.065304 -0.095089
356.045898 -630.859959 1.054807 -1.871576
743.064995 -568.214861 2.202769 -1.686050
223.906541 -247.027960 0.664766 -0.726958
481.063189 -48.070176 1.425741 -0.148652
-381.760175 134.761077 -1.132069 0.397821
-234.592516 -554.916518 -0.695763 -1.646125
613.718446 72.695598 1.822333 0.216265
-310.464954 -307.453066 -0.918886 -0.911592
147.805065 401.036389 0.440876 1.193782
88.633364 -267.536675 0.261962 -0.797009
-205.826541 -297.604524 -0.607287 -0.887292
196.670372 -31.163989 0.580943 -0.093029
-118.488508 37.774981 -0.351172 0.109213
18.545064 -572.662482 0.054251 -1.702604
-486.182151 5.412492 -1.446552 0.018908
122.890647 234.341464 0.363984 0.700129
-794.102827 260.038732 -2.357162 0.770284
-119.836734 -544.830272 -0.359165 -1.619467
323.192299 259.089359 0.962544 0.764101
50.292664 -338.442666 0.151629 -1.004672
756.779722 380.851877 2.243602 1.132757
294.669039 428.506930 0.870169 1.269533
201.746592 -475.667688 0.598829 -1.412572
-58.755003 -85.195511 -0.177840 -0.252687
537.431977 539.574871 1.599959 1.603902
128.355170 308.130416 0.384187 0.914927
255.031274 231.288328 0.759464 0.683659
243.707826 -377.070517 0.720627 -1.118380
246.614932 187.774135 0.728937 0.556180
362.666966 420.205523 1.078102 1.249334
132.511725 -356.369112 0.395241 -1.056666
-100.008183 41.008651 -0.294378 0.114735
-69.716241 922.443542 -0.205466 2.732876
-293.919291 -248.913099 -0.873822 -0.740330
-78.121400 -186.456628 -0.234756 -0.551215
-398.264745 77.717699 -1.184656 0.228173
-378.461561 -324.437546 -1.124174 -0.963109
253.592025 726.938635 0.750686 2.156856
-51.710530 378.785427 -0.151112 1.125184
-199.328351 375.604105 -0.589777 1.112620
109.577105 376.028578 0.326080 1.115420
-898.992980 -16.448149 -2.668414 -0.047724
-147.147521 -217.189416 -0.438129 -0.644580
-841.665802 -411.047105 -2.497370 -1.220630
376.945027 -156.879002 1.111040 -0.465649
556.433690 -310.216296 1.656430 -0.920361
-91.992545 321.462168 -0.269802 0.955768
533.055851 -3.235046 1.580435 -0.011877
584.037469 -114.459844 1.735448 -0.338259
164.719026 33.478547 0.486651 0.096481
158.555327 -29.411638 0.470375 -0.089732
389.305196 142.069607 1.151729 0.420146
317.509553 638.638058 0.939629 1.892781
0.039646 83.510311 -0.000421 0.244190
66.815498 132.844292 0.198838 0.392815
178.454831 -278.422333 0.522418 -0.823445
-96.898122 -50.488483 -0.292163 -0.150015
-378.923814 31.740392 -1.128147 0.092418
302.710861 -200.693565 0.899654 -0.591227
-645.181553 46.963727 -1.912276 0.134347
-76.879726 3.726906 -0.225149 0.013758
-744.620056 -228.241078 -2.208510 -0.680236
651.783981 356.704366 1.936189 1.059080
149.365739 229.915991 0.446263 0.678441
-269.154580 439.553924 -0.793399 1.304982
472.730390 618.314404 1.400313 1.830874
319.942942 202.438844 0.953910 0.597385
-136.548487 648.276451 -0.405665 1.925832
588.713326 388.017066 1.742620 1.151829
-330.061638 38.372367 -0.981913 0.110327
112.493857 -21.439086 0.337903 -0.063821
536.688407 16.744640 1.591175 0.050171
414.314842 -349.095466 1.230479 -1.036970
496.169014 -538.429997 1.472548 -1.597559
361.765438 34.550093 1.072127 0.098130
118.371604 90.117103 0.349257 0.257866
95.859815 102.157465 0.284728 0.301258
-9.417217 353.267790 -0.023151 1.053152
252.256805 577.822354 0.749203 1.714208
-272.262595 227.367066 -0.808425 0.673526
-339.959234 54.214675 -1.008583 0.167090
-236.208150 11.419060 -0.702041 0.032153
-330.156351 -7.827683 -0.981133 -0.025132
144.279839 -839.265819 0.426597 -2.498100
42.898248 582.706432 0.127404 1.730840
14.298761 -125.137839 0.044494 -0.372049
-393.322180 -289.216049 -1.169613 -0.860648
55.423381 -685.826921 0.165624 -2.027637
-662.511575 -353.074243 -1.970147 -1.044871
152.314643 471.797068 0.450756 1.404019
479.378136 -128.767060 1.425845 -0.377845
-74.954621 -148.006135 -0.221520 -0.442584
-684.251081 -178.573035 -2.031506 -0.528872
-147.051029 497.131210 -0.435125 1.468666
-361.971418 -623.388390 -1.080275 -1.849681
-779.746677 -144.587044 -2.311965 -0.426298
316.407459 -115.987147 0.941865 -0.348205
72.428515 483.603009 0.213997 1.434219
152.333490 229.005544 0.454485 0.685498
-64.105342 35.977820 -0.193816 0.104034
545.041646 633.621528 1.618455 1.883852
-59.452172 -185.885954 -0.175020 -0.548599
368.596711 67.896665 1.097952 0.201173
520.012963 -289.110587 1.546474 -0.862499
-368.477736 -356.232141 -1.090328 -1.055518
232.347157 -209.670396 0.689324 -0.622330
368.498748 688.667304 1.097121 2.041414
-770.990926 496.686366 -2.284223 1.475228
366.851563 -18.259793 1.088018 -0.051511
-208.173728 456.483819 -0.615944 1.353410
-254.614554 -261.212086 -0.756774 -0.777946
113.835839 -21.691285 0.340432 -0.067699
438.547517 -411.622447 1.302501 -1.220547
690.397114 332.458620 2.049993 0.989205
-176.011434 426.426724 -0.520719 1.267360
-405.654828 198.447626 -1.208993 0.586224
-11.116996 230.610911 -0.032577 0.685355
823.930321 -436.326745 2.443842 -1.289986
378.005151 19.050902 1.119160 0.056362
-16.803581 151.247605 -0.050061 0.450785
302.352161 715.979399 0.891113 2.124810
-409.378335 212.205889 -1.214278 0.630359
-386.989282 -124.859059 -1.149562 -0.372320
-17.481439 193.210338 -0.055968 0.575291
385.587917 -260.057206 1.143497 -0.769653
163.159395 200.524326 0.474990 0.595349
4.297224 -667.403588 0.013619 -1.972808
723.551667 -9.081152 2.148239 -0.036245
-43.530786 -517.836970 -0.127841 -1.534062
405.189925 -291.347376 1.202641 -0.860460
-701.042813 50.416376 -2.078729 0.151695
-368.959394 385.760635 -1.091225 1.145599
-443.554384 -247.758379 -1.318314 -0.730964
136.497763 -158.928333 0.407254 -0.471232
564.611360 -128.506546 1.671575 -0.379720
-51.849220 254.265681 -0.151383 0.761885
-377.863992 925.778742 -1.118903 2.745595
-21.368168 445.766798 -0.064058 1.324699
-198.130174 -286.967859 -0.594490 -0.846757
-427.441832 -267.077144 -1.268625 -0.794049
286.701379 -229.069265 0.857482 -0.686461
193.631455 -267.568526 0.569547 -0.796923
-288.349839 448.506219 -0.855079 1.332671
438.225927 -3.379645 1.300708 -0.012099
-622.866724 -448.029781 -1.845614 -1.329262
5.645159 31.203567 0.017528 0.092857
-260.879165 -154.653013 -0.774396 -0.457330
-349.681305 319.026035 -1.036848 0.949972
513.882140 -281.356794 1.524682 -0.831027
-26.615029 370.602575 -0.085760 1.097698
173.564568 24.095448 0.516842 0.074611
