1441 902 2933 0.64
53.116479 27.734664 0.057869 0.030420
308.797358 67.380368 0.337024 0.073447
85.477780 -68.026791 0.093214 -0.073813
-314.316175 149.009804 -0.342958 0.162699
156.974724 9.997551 0.171513 0.010684
104.588507 212.877815 0.113972 0.232588
-6.732070 58.667537 -0.007449 0.063961
158.998564 206.353770 0.173610 0.225076
-300.767238 70.908012 -0.328271 0.077697
153.610724 -10.494465 0.167721 -0.011646
-243.496296 -4.880590 -0.265907 -0.005359
293.414149 131.252602 0.320209 0.142903
261.924051 209.842204 0.285964 0.229038
-184.724506 -4.062560 -0.201714 -0.004229
356.601979 -10.750988 0.389189 -0.011500
7.931000 -61.651570 0.008653 -0.066899
50.156776 50.755642 0.054691 0.055771
-53.797346 25.675325 -0.058986 0.027746
-115.743791 -233.454024 -0.125982 -0.254665
390.311099 -211.685866 0.426197 -0.231047
-176.616831 112.760345 -0.192613 0.123503
-79.594313 -43.950903 -0.086775 -0.048122
-259.017758 -98.860269 -0.282483 -0.108004
34.798341 -0.504825 0.038162 -0.000690
147.641919 -183.770587 0.161279 -0.200715
231.966516 142.478294 0.253522 0.155228
87.673077 305.407785 0.095604 0.333458
125.475880 -91.712730 0.136761 -0.099878
253.204180 192.659187 0.276352 0.209905
-198.177033 -250.859544 -0.216178 -0.273807
-104.012067 191.678656 -0.113704 0.209267
-78.268422 162.814646 -0.085379 0.177667
205.191618 -129.929544 0.223948 -0.141948
-76.800035 41.539939 -0.083506 0.045259
179.406142 21.618459 0.195937 0.023846
270.548769 -205.378700 0.295432 -0.224217
-6.846567 2.650058 -0.007318 0.003065
-152.837251 108.398200 -0.166648 0.118462
-9.224800 -212.044576 -0.009919 -0.231620
-295.431244 115.554021 -0.322878 0.126299
-33.016452 -91.649093 -0.036136 -0.099863
10.598375 -410.499367 0.011716 -0.448461
-193.172269 84.938396 -0.211099 0.092790
72.669965 144.933472 0.079260 0.158183
167.023747 37.184824 0.181834 0.040881
-140.956661 -114.683194 -0.153958 -0.125446
-23.843994 316.357294 -0.025888 0.345037
-150.821321 430.063110 -0.164894 0.469696
360.497319 5.071352 0.393421 0.005627
-85.947358 34.200592 -0.093846 0.037243
-256.957533 264.836624 -0.280701 0.288923
287.303486 74.759765 0.313604 0.081450
177.234926 461.135060 0.193736 0.503144
76.034192 33.259105 0.082922 0.036332
-57.658157 -25.984715 -0.062835 -0.028343
26.244097 49.042889 0.028696 0.053505
68.222995 -104.976422 0.074549 -0.114219
-431.584861 424.310212 -0.471209 0.463206
22.905393 -281.522959 0.025174 -0.307283
123.116670 -77.461234 0.134438 -0.084820
-138.496299 -350.230778 -0.151156 -0.382549
-105.712615 80.285336 -0.115129 0.087630
59.000301 -95.349836 0.064831 -0.103998
114.627260 -277.658524 0.125196 -0.303348
74.962294 -433.741711 0.081904 -0.473645
386.465611 -187.537509 0.422078 -0.204523
339.411731 12.557398 0.370639 0.013740
211.382254 153.938425 0.230935 0.168522
136.986221 300.164211 0.149756 0.327420
151.697021 116.015577 0.165786 0.126642
-80.736029 -172.366488 -0.087939 -0.187985
-147.636603 -25.641983 -0.161438 -0.027291
136.758424 16.129622 0.149439 0.017758
-28.524170 12.487362 -0.031214 0.013584
12.692470 -209.244081 0.013998 -0.228508
88.406295 -197.697488 0.096469 -0.215902
-176.064432 105.359228 -0.192102 0.114655
39.610658 9.155085 0.043368 0.009934
-107.934708 -126.612732 -0.117832 -0.138152
4.941512 -10.877831 0.005501 -0.011885
-68.365206 65.198907 -0.074882 0.071287
216.953119 42.130128 0.237052 0.046062
237.139796 -32.432626 0.258868 -0.035228
-191.539447 -49.760752 -0.208848 -0.054504
-70.132802 -167.993614 -0.076314 -0.183543
-35.969739 -138.032255 -0.039086 -0.150921
103.976962 94.222145 0.113444 0.102796
-217.423404 -109.409486 -0.237721 -0.119252
-200.470137 1.567264 -0.218305 0.001592
197.251442 240.684641 0.215296 0.262576
85.634425 -4.272600 0.093627 -0.004606
180.017181 233.637432 0.196726 0.254952
82.231928 374.094810 0.089681 0.408414
326.819869 -67.754641 0.356688 -0.074428
20.711804 -140.393039 0.022361 -0.153171
-172.286300 226.270456 -0.188446 0.247016
-259.707192 110.825493 -0.283528 0.121136
385.001816 46.655646 0.420398 0.050826
223.095180 410.585370 0.244009 0.448418
230.190433 -61.093824 0.251300 -0.066477
150.060929 229.050779 0.163905 0.250298
27.719265 179.340446 0.030181 0.195539
-259.950460 -114.753554 -0.283695 -0.125415
63.751946 302.668488 0.069552 0.330179
167.485570 -155.814980 0.182518 -0.170434
-227.443247 -40.415718 -0.248541 -0.044105
-507.934985 223.830395 -0.554610 0.244352
493.100019 -44.985252 0.538194 -0.048948
131.053596 168.046776 0.142860 0.183634
-54.821201 -92.745408 -0.060052 -0.101484
-44.179082 94.352626 -0.048227 0.103158
39.442186 -145.484953 0.043222 -0.158967
180.487956 -173.204638 0.197085 -0.189107
57.397253 -88.826637 0.062527 -0.097184
254.900021 -220.005271 0.278485 -0.240238
-122.694030 -70.252639 -0.134051 -0.076567
-172.478210 -251.714921 -0.188222 -0.274809
-94.167293 144.208339 -0.102672 0.157951
-259.463323 -269.902101 -0.283207 -0.294608
5.733116 345.737118 0.006223 0.377539
249.936161 -334.105991 0.272587 -0.365089
-17.729743 89.120535 -0.019558 0.097051
-276.356833 62.491726 -0.301911 0.068200
-101.615385 -77.941588 -0.110788 -0.084976
38.623182 -205.143473 0.042323 -0.224016
14.966859 -118.943757 0.016076 -0.129736
10.611085 -27.707787 0.011810 -0.030083
-116.790802 -55.048029 -0.127470 -0.060033
-280.861868 -173.650171 -0.307143 -0.189531
198.900631 307.697061 0.216975 0.336180
66.073669 -21.607181 0.072047 -0.023610
76.786452 -188.764188 0.083974 -0.206525
-154.954500 -325.960430 -0.169003 -0.355957
-132.581781 362.974803 -0.144612 0.396911
52.193728 -373.829430 0.057017 -0.408144
174.684320 56.684202 0.190473 0.061780
266.242792 -163.889776 0.290442 -0.178879
87.566943 -66.823136 0.095477 -0.072898
-36.579123 -90.151401 -0.040470 -0.098609
-57.164654 155.435153 -0.062562 0.169496
-133.706047 -199.562502 -0.145733 -0.217392
77.410297 117.315589 0.084407 0.128812
-178.101546 -118.848591 -0.194739 -0.129912
-50.981837 -209.544381 -0.055867 -0.228845
-355.031345 135.735906 -0.387793 0.148155
340.387400 30.428786 0.371324 0.033529
12.277117 262.775745 0.013544 0.286954
51.445833 -19.728663 0.056077 -0.021213
-121.904807 198.710121 -0.133145 0.217071
-53.217129 129.197173 -0.057816 0.140787
-113.680537 -218.625831 -0.124164 -0.238766
-22.430970 -60.271356 -0.024367 -0.066174
220.945130 241.079352 0.241350 0.263476
-253.455351 258.146675 -0.276822 0.281585
-166.172019 -68.642447 -0.181370 -0.075141
-61.733343 -34.074667 -0.067326 -0.036902
385.167176 -309.340970 0.420654 -0.337388
-66.847507 305.994722 -0.073033 0.334008
-95.157344 83.385458 -0.103824 0.091171
36.768479 -117.301448 0.040420 -0.128338
269.275251 84.386823 0.294282 0.092172
49.260142 -57.613160 0.053588 -0.062757
107.757819 291.860877 0.117935 0.318746
-29.924747 -289.541071 -0.032868 -0.315814
-19.800017 28.149125 -0.021799 0.030906
-108.514087 146.960081 -0.118797 0.160453
-84.229500 -267.794607 -0.092004 -0.292624
273.590420 -37.041529 0.298497 -0.040284
116.414078 44.581447 0.127149 0.049023
-59.811193 -177.328528 -0.065414 -0.193735
231.393854 -16.448587 0.252872 -0.018161
-259.411645 -226.736578 -0.283240 -0.247502
-265.504290 264.079283 -0.289525 0.288290
73.733042 -205.858568 0.080533 -0.224910
6.131465 -69.261877 0.006584 -0.075723
125.257751 27.990508 0.136624 0.030318
211.908162 -279.416540 0.231435 -0.305337
19.433902 -67.356244 0.021128 -0.073699
-156.559972 79.597344 -0.171011 0.086866
-157.452165 197.902899 -0.171762 0.216182
62.295959 -136.166975 0.067784 -0.148814
125.083914 4.799334 0.136554 0.005398
278.396130 -138.576697 0.303775 -0.151725
-180.394697 -16.277057 -0.197084 -0.017473
-155.056604 527.520629 -0.169208 0.575782
11.088733 39.698216 0.012072 0.043824
-7.614430 9.332007 -0.008725 0.010042
86.419011 -9.889099 0.094377 -0.010846
-204.451537 -286.086780 -0.222768 -0.312446
81.361395 -169.775660 0.088628 -0.185078
166.693360 -213.905698 0.181823 -0.233542
228.824262 -108.919662 0.250013 -0.118480
39.674895 -167.159775 0.043561 -0.182836
355.747007 56.527506 0.388235 0.061632
137.212111 -101.646131 0.149909 -0.111198
211.204016 -133.208126 0.230530 -0.145183
183.228796 70.066334 0.199815 0.076531
232.389449 -114.640747 0.253917 -0.124863
-208.575894 -150.617410 -0.227867 -0.164310
183.188308 354.891610 0.200113 0.387724
-89.264774 -401.101841 -0.097394 -0.438187
-58.443347 -50.029413 -0.063797 -0.054858
189.546646 -147.907189 0.207228 -0.161833
26.104721 -141.160716 0.028853 -0.153938
-102.581987 159.441603 -0.111938 0.174378
356.816496 -8.141785 0.389564 -0.008890
34.766530 34.626421 0.037928 0.037947
-161.464109 125.239422 -0.176353 0.136922
294.580939 13.749563 0.321787 0.015053
-100.867747 398.326746 -0.109988 0.434555
-68.756365 -34.522747 -0.074863 -0.037448
-89.281057 257.241542 -0.097471 0.281156
110.947961 -89.643539 0.121326 -0.097753
254.578519 93.997885 0.278095 0.102835
164.430214 -201.470532 0.179306 -0.220048
-52.610899 66.580570 -0.057200 0.073038
73.071105 116.763404 0.079955 0.127669
57.502237 -115.673250 0.063197 -0.126179
77.581881 172.056294 0.084630 0.187825
107.481413 -26.478761 0.117362 -0.028906
246.745418 -105.789850 0.269383 -0.115477
318.385132 247.132162 0.347661 0.269898
-156.092473 159.913280 -0.170117 0.174393
85.054084 -279.269151 0.092906 -0.305321
-189.694378 -210.672417 -0.207220 -0.230459
23.595878 339.130072 0.025681 0.370385
-43.008816 84.965673 -0.046410 0.092976
115.346763 -263.450109 0.126077 -0.287544
-174.255642 -58.268929 -0.190199 -0.063260
-76.809053 29.005666 -0.084265 0.031754
-17.899539 74.629300 -0.019472 0.081801
160.063103 61.487724 0.174905 0.067498
334.963445 -102.242823 0.365582 -0.111653
287.563789 296.868027 0.313687 0.324571
-239.848983 198.419040 -0.262044 0.216649
-46.495118 82.158312 -0.050955 0.089624
-178.957446 134.124779 -0.195814 0.146322
167.662736 184.466836 0.182826 0.201550
370.203922 3.616856 0.404052 0.004165
-233.726923 -257.575699 -0.255130 -0.281355
339.527512 413.075173 0.370746 0.451382
126.427634 -212.636464 0.138114 -0.232177
66.017127 95.253963 0.072286 0.104191
178.413705 -210.510331 0.194760 -0.229699
70.979127 237.633332 0.077829 0.259813
17.537225 65.525332 0.019363 0.071425
39.651273 -98.223431 0.042967 -0.107242
42.005398 169.537344 0.045624 0.185243
-106.616313 -30.592646 -0.116369 -0.033447
-223.754041 69.483438 -0.244269 0.075789
332.456749 -21.980244 0.362940 -0.023897
286.329149 -233.585031 0.312609 -0.254976
237.573347 -13.775583 0.259247 -0.014914
101.788698 237.761242 0.111152 0.259312
111.558799 -61.615820 0.122036 -0.067451
51.770916 225.005790 0.056536 0.245626
-251.666677 221.142444 -0.275101 0.241633
94.452062 -218.519923 0.103235 -0.238714
208.060461 -90.858322 0.227242 -0.099221
267.356648 258.248090 0.291964 0.282178
-30.421339 -170.520574 -0.033101 -0.186439
-53.418522 6.320650 -0.058207 0.006912
-174.962084 -72.700716 -0.191014 -0.079388
156.769459 -143.218467 0.171516 -0.156033
-66.045313 -6.574543 -0.072077 -0.007037
226.452946 -136.467018 0.247153 -0.149135
-351.078215 267.704003 -0.383449 0.292415
-207.409769 -115.046435 -0.226694 -0.125484
193.702665 16.209746 0.211737 0.017989
404.487599 -124.856091 0.441620 -0.135616
-282.810420 -34.590174 -0.308881 -0.037820
227.449941 113.269359 0.248062 0.123356
18.232411 81.393819 0.019739 0.088682
-44.718458 108.378779 -0.048735 0.118027
103.485394 173.681706 0.112830 0.189111
176.680906 229.518614 0.193036 0.250313
-0.317216 180.009253 -0.000484 0.196645
64.713307 68.130932 0.070646 0.074324
-172.545965 369.829324 -0.187730 0.403699
-167.800820 206.246640 -0.183088 0.225129
254.032632 -111.019377 0.277449 -0.120999
-64.207198 -95.941854 -0.070163 -0.104453
44.648227 124.441512 0.048575 0.135535
51.708032 -40.505698 0.056526 -0.044388
-311.548720 185.108673 -0.340396 0.201859
-87.934443 152.353851 -0.096045 0.166056
431.434317 108.536730 0.471245 0.118227
18.685759 24.578573 0.020188 0.026959
-9.799296 -495.090717 -0.010718 -0.540694
85.894452 -350.440172 0.093501 -0.382673
37.015555 215.260796 0.040237 0.235046
-221.230636 78.987948 -0.241863 0.086668
160.601531 -31.691383 0.175345 -0.034065
-490.302397 289.467209 -0.535247 0.316286
36.975965 -131.329549 0.040719 -0.143012
155.039079 6.716387 0.169267 0.007183
-58.519250 -80.865929 -0.063612 -0.088400
360.845489 13.086231 0.393859 0.014292
329.669807 -21.409425 0.360379 -0.023492
-78.871645 -485.620822 -0.085982 -0.530537
155.111380 162.783329 0.169715 0.177705
285.842221 113.683056 0.312168 0.123937
-6.023867 34.512477 -0.006411 0.037493
231.692372 -60.772166 0.252811 -0.066434
-356.333220 42.816967 -0.388642 0.046726
205.660587 307.851706 0.224317 0.336177
-57.761293 238.732754 -0.063407 0.260653
75.715268 -103.249158 0.082366 -0.113038
2.582125 -29.748881 0.002617 -0.032276
38.831724 167.833219 0.042752 0.183937
74.099900 129.507880 0.081267 0.141404
134.101514 3.047645 0.146342 0.003469
-3.008542 -93.769633 -0.002972 -0.102271
-139.732203 139.723226 -0.152530 0.152434
54.797338 -181.415931 0.059850 -0.198020
-1.521312 179.846667 -0.001343 0.196411
66.043580 225.305833 0.072231 0.246069
31.682096 235.510633 0.034548 0.256657
-62.772631 38.137573 -0.068641 0.041732
-344.205549 24.678511 -0.376179 0.027066
-443.015038 -521.178421 -0.483875 -0.568440
-73.209400 78.426113 -0.080225 0.085578
24.145122 -27.336071 0.026103 -0.029804
-5.092096 -37.098577 -0.005483 -0.040190
138.115085 37.330424 0.151001 0.040782
-343.190878 142.460597 -0.374669 0.155638
106.437469 -134.005869 0.116642 -0.145864
-32.864295 250.106946 -0.036211 0.272666
-72.647754 -251.426037 -0.079470 -0.274743
172.896870 106.223434 0.188503 0.116168
-188.982703 -199.987345 -0.205986 -0.218517
54.219078 -58.918571 0.059427 -0.064008
17.772420 179.360486 0.019392 0.195766
-451.000616 191.735400 -0.492204 0.209253
14.424770 -86.348400 0.015814 -0.094383
208.241522 -83.213972 0.227376 -0.090588
141.294759 57.592611 0.154215 0.062670
-100.512051 184.749436 -0.109687 0.201892
-60.244986 135.505768 -0.065909 0.148321
2.179680 -79.006480 0.002074 -0.086183
-115.767516 171.942116 -0.126385 0.187801
-14.711948 147.660884 -0.015774 0.161546
-9.989465 -170.665596 -0.010935 -0.186135
-82.629764 -0.997660 -0.089925 -0.001077
141.340626 -84.852530 0.154368 -0.092402
206.040797 200.857799 0.225131 0.219237
121.864124 -0.297225 0.133194 -0.000216
197.109573 -77.206113 0.214918 -0.084331
192.288738 -61.216028 0.209900 -0.067302
-92.597833 13.292017 -0.101283 0.014599
-66.143889 -432.458217 -0.072450 -0.472074
132.659649 -259.491703 0.144716 -0.283078
-45.131508 173.399844 -0.049093 0.189180
-411.990207 230.775549 -0.449678 0.251868
205.083359 140.812193 0.223803 0.153575
367.266555 148.348519 0.400940 0.162181
305.756906 236.724220 0.333895 0.258846
-80.821748 -69.124886 -0.088439 -0.075484
74.135322 134.362925 0.080692 0.146635
-141.189000 -232.318707 -0.154172 -0.253850
282.266702 -257.349758 0.308256 -0.280971
-67.880068 -36.150488 -0.073937 -0.039488
95.129821 251.416547 0.103487 0.274766
200.440911 -184.738910 0.218851 -0.201895
-56.482241 -254.772988 -0.061818 -0.277831
-31.789671 33.459204 -0.034721 0.036934
125.818259 -95.824160 0.137430 -0.104779
-119.748051 56.221513 -0.130928 0.061626
134.575639 159.124770 0.146926 0.173851
339.628471 -210.022284 0.370665 -0.229179
4.478462 -19.061146 0.005150 -0.021051
96.419553 256.218429 0.105244 0.279890
10.243894 198.803699 0.011101 0.217297
449.238252 -216.324614 0.490661 -0.236145
-190.051058 21.261932 -0.207532 0.023229
-75.054505 -22.230862 -0.081587 -0.024483
272.456384 306.925663 0.297489 0.335335
116.518349 263.580430 0.126934 0.287628
-232.831623 31.402901 -0.254031 0.034874
164.941763 256.271578 0.180030 0.279436
94.921082 234.555039 0.103909 0.256208
158.046142 129.546717 0.172412 0.141341
34.636392 35.398825 0.037995 0.038435
-334.469560 105.236294 -0.365130 0.115393
138.010317 -281.770682 0.150579 -0.307686
175.208925 -471.657836 0.191044 -0.515065
-92.902174 65.039486 -0.101571 0.071274
-201.841346 23.260987 -0.220182 0.025492
-318.548447 -53.433202 -0.347814 -0.058258
102.455817 -178.449587 0.111608 -0.195348
-307.735044 -169.478116 -0.335700 -0.185028
-101.156921 56.405189 -0.110367 0.061573
125.422876 484.221010 0.136631 0.528582
339.409810 85.789516 0.370090 0.093610
-82.072621 -26.941007 -0.089839 -0.029178
-211.815704 -66.654420 -0.230842 -0.072672
-105.472612 192.319081 -0.114879 0.210126
-238.761326 -1.572134 -0.260525 -0.001670
96.919461 439.342004 0.105716 0.479830
-63.988806 -48.212474 -0.069889 -0.052565
-52.597551 -205.458998 -0.057334 -0.224337
315.040251 -168.736588 0.343896 -0.184290
218.291672 156.175246 0.238138 0.170679
275.079263 254.899154 0.300326 0.278002
-303.286822 47.451408 -0.331179 0.051801
151.532812 -167.713594 0.165603 -0.183366
-118.347527 -52.737085 -0.129620 -0.057266
-139.132232 -140.871587 -0.151725 -0.153916
-105.134995 12.265981 -0.114679 0.013460
-495.955557 166.334028 -0.541421 0.181369
2.994858 44.854066 0.003462 0.049560
120.656973 158.864813 0.131719 0.173418
-74.080599 -138.204376 -0.081024 -0.151297
-257.790933 4.599503 -0.281459 0.005038
-217.034718 -291.210935 -0.237110 -0.317905
11.811369 8.484858 0.012835 0.009392
193.934277 201.723538 0.211766 0.220409
112.447423 -87.620188 0.123154 -0.095466
40.057318 84.664213 0.043397 0.092473
-221.593320 25.374623 -0.242303 0.027491
-50.110451 215.958495 -0.055198 0.235475
24.556413 35.331679 0.026634 0.038196
68.362644 28.344844 0.074912 0.030687
-121.820854 -217.148106 -0.133070 -0.236952
-86.312775 -131.935089 -0.094298 -0.144004
190.983209 29.441336 0.208522 0.031989
-319.188211 101.664501 -0.348791 0.111262
-107.049665 17.528618 -0.116678 0.019323
-59.852517 243.269003 -0.065101 0.265261
81.837848 -12.675569 0.089105 -0.013970
19.474406 -6.688008 0.021453 -0.007100
-39.230192 121.630588 -0.043023 0.132966
-257.703372 1.556499 -0.281484 0.001335
252.114405 -176.428860 0.275379 -0.192960
331.910058 34.816133 0.362336 0.037939
-147.047303 19.210836 -0.160491 0.020885
-89.631424 233.072060 -0.097657 0.254697
-111.562541 28.863975 -0.121680 0.031255
147.383586 48.860331 0.160871 0.053541
-266.946772 -271.922461 -0.291268 -0.296993
10.306599 61.931250 0.011764 0.067724
71.957800 -74.883846 0.078470 -0.081756
-235.412994 133.400237 -0.257105 0.145570
-7.614868 -183.411840 -0.008302 -0.200233
-513.934812 289.645276 -0.561269 0.316335
-30.322276 -136.094030 -0.032890 -0.148654
-140.098614 64.505676 -0.152975 0.070513
-380.098329 -14.037324 -0.414335 -0.015646
-112.105981 -431.968012 -0.122063 -0.471313
-95.773218 224.920523 -0.104808 0.246089
-262.780142 -384.984417 -0.286661 -0.420249
245.872047 -3.841364 0.268152 -0.004087
-165.346684 434.839198 -0.180292 0.474766
-180.068413 214.293470 -0.195933 0.233697
-111.033005 65.254455 -0.120749 0.071116
-30.204567 -101.647450 -0.032945 -0.110900
86.774379 355.494252 0.094886 0.387773
136.172174 -336.134073 0.148877 -0.366847
142.647463 -23.235937 0.155411 -0.025261
-143.336935 -256.861529 -0.156333 -0.280258
206.960656 -8.346455 0.226156 -0.009324
25.808799 -292.791872 0.028396 -0.319816
-106.249674 -179.938944 -0.115690 -0.196366
-140.219594 -194.939047 -0.153295 -0.212856
-74.149293 322.575894 -0.080787 0.351863
62.077504 6.353298 0.067827 0.006567
106.072344 11.269377 0.115908 0.012489
173.741640 -224.466999 0.189818 -0.245171
-260.828046 -37.094891 -0.284457 -0.040467
-40.814915 -185.503237 -0.044526 -0.202495
20.596041 86.144028 0.022355 0.093931
203.299576 -27.462350 0.221946 -0.030177
-81.799020 344.206621 -0.089253 0.375508
-183.344433 199.094789 -0.200237 0.217257
255.303460 11.423403 0.278733 0.012267
-168.460861 219.920324 -0.183936 0.239894
58.784118 32.371501 0.064307 0.035434
248.565972 305.326408 0.271332 0.333348
-121.344119 -47.443870 -0.132751 -0.051824
-151.506206 -131.252980 -0.165386 -0.143140
-290.127839 190.737786 -0.316573 0.208128
-149.078093 -8.336639 -0.162645 -0.009181
310.514882 -293.330306 0.338843 -0.320489
-126.208786 415.554826 -0.137797 0.453794
-339.198522 1.894975 -0.370261 0.002233
259.805927 -267.586117 0.283682 -0.292154
247.566388 -36.470948 0.270491 -0.039776
-101.475507 101.622733 -0.110936 0.110998
-201.357382 221.219513 -0.219571 0.241684
-74.562590 273.574134 -0.081637 0.298466
-161.849789 -232.901006 -0.176758 -0.254147
-142.768845 1.476741 -0.156021 0.001682
-25.519253 -112.049085 -0.027537 -0.122173
-116.333029 390.057558 -0.127100 0.425703
-47.608516 155.168206 -0.052102 0.169114
170.485320 235.383142 0.186050 0.257199
155.790839 -255.771352 0.169886 -0.279232
-273.401095 -204.870581 -0.298618 -0.223973
112.136308 38.121097 0.122160 0.041699
57.874636 -119.536305 0.063221 -0.130242
80.280363 40.795551 0.087466 0.044773
27.739596 -141.462116 0.030120 -0.154448
-78.509754 -24.352210 -0.086079 -0.026505
-320.070537 14.414789 -0.349531 0.015131
-77.977460 99.622312 -0.085252 0.108998
-17.778229 14.590129 -0.019205 0.015807
-37.284928 -168.412179 -0.040464 -0.184031
-111.704408 -174.505608 -0.121939 -0.190334
23.001280 -302.438011 0.024993 -0.330256
-52.032133 44.848787 -0.056861 0.048805
261.672346 9.923707 0.285558 0.010816
159.556849 -149.597342 0.173803 -0.163408
-23.983225 62.460226 -0.026239 0.067791
275.044962 90.194419 0.300079 0.098362
-246.448278 -16.339127 -0.269035 -0.018201
40.543958 372.544464 0.044512 0.406565
69.060200 366.338971 0.075540 0.400143
85.623226 65.149824 0.093080 0.071190
-136.669702 167.487609 -0.149250 0.182887
96.451542 -80.095944 0.105257 -0.087355
90.817797 -53.000972 0.099194 -0.058219
33.825488 -122.500707 0.037088 -0.134081
46.066664 65.441101 0.050396 0.071632
235.341542 -263.353512 0.256783 -0.287263
20.781192 -63.847750 0.022386 -0.069694
274.785160 424.348286 0.299901 0.463081
-97.862184 13.959356 -0.107118 0.015608
-144.039379 -227.248921 -0.157178 -0.248205
114.187758 -94.250142 0.124526 -0.102742
-107.356788 14.189704 -0.117412 0.015513
-419.047767 145.229899 -0.457752 0.158491
-215.132155 4.102976 -0.234954 0.004248
-14.831144 -228.070612 -0.015949 -0.249170
-196.652204 208.401800 -0.214854 0.227031
105.408317 76.705140 0.115012 0.083344
-10.926815 148.709637 -0.012050 0.162087
94.768027 37.084973 0.103548 0.040423
-69.201207 -23.151263 -0.076144 -0.025251
-133.423519 -172.309417 -0.145501 -0.188211
-119.776135 176.457045 -0.130789 0.192932
-135.944446 461.310541 -0.148335 0.503742
-79.231378 42.856239 -0.086466 0.046862
48.970710 68.318256 0.053413 0.074505
146.780187 96.534185 0.160367 0.105357
-32.597680 -1.843918 -0.035211 -0.002146
57.402333 -194.488610 0.062657 -0.212111
-75.605989 144.381254 -0.082426 0.157247
-177.024045 16.128437 -0.193058 0.017596
246.245570 100.995357 0.269261 0.110341
19.340892 -12.096635 0.020999 -0.013334
277.307049 47.726373 0.303152 0.052075
-149.376920 110.632388 -0.162858 0.120992
-36.851932 -265.462976 -0.039827 -0.289800
151.385564 85.594784 0.165539 0.093187
-320.017552 -168.940663 -0.349459 -0.183864
-111.689911 -299.904731 -0.121711 -0.327372
-11.862405 -91.155032 -0.013345 -0.099344
-114.154612 519.406303 -0.124834 0.567250
151.975844 66.463808 0.165694 0.072350
-46.599711 323.362386 -0.051027 0.352974
86.439306 129.741956 0.094497 0.141450
-30.104001 -279.693365 -0.032574 -0.305638
256.541484 242.549714 0.280183 0.264772
-112.911939 -114.363924 -0.123008 -0.124574
54.292008 -165.389978 0.059367 -0.180516
459.379610 -45.713955 0.501544 -0.050171
23.404826 288.084525 0.025507 0.314725
52.321808 -349.123341 0.057570 -0.380685
-106.357057 -60.398702 -0.116307 -0.066077
271.722945 -7.865544 0.296371 -0.008387
-57.731648 -26.453495 -0.062931 -0.028750
-331.208000 328.194601 -0.361575 0.358577
34.680596 78.204031 0.037907 0.085557
28.022821 -25.016539 0.030552 -0.027169
208.806640 -167.216551 0.228409 -0.182714
-231.550047 153.951141 -0.252825 0.168182
264.428594 158.254644 0.288381 0.173034
-142.024349 154.460323 -0.155064 0.168501
329.096253 -254.766585 0.359350 -0.277730
310.283440 -0.769971 0.338271 -0.000758
58.441159 75.830337 0.063737 0.082599
-131.449445 160.139208 -0.143538 0.175184
9.354144 -354.649465 0.009982 -0.386743
-10.782992 -363.259246 -0.012127 -0.396639
-168.048636 -141.770956 -0.183419 -0.154758
-333.655706 -195.462068 -0.364249 -0.213345
-58.666574 90.710098 -0.063921 0.099409
-66.149277 -137.715582 -0.072448 -0.150308
49.635523 -27.578915 0.054293 -0.030103
5.192904 366.254476 0.005707 0.399887
-93.109783 212.682418 -0.101768 0.232395
-140.740607 -227.353769 -0.154059 -0.248053
-117.245917 11.684582 -0.127953 0.012600
69.832943 -58.324178 0.076085 -0.063118
251.796426 -246.960874 0.274678 -0.269603
119.292258 -280.580177 0.130197 -0.306136
57.273845 0.258672 0.062616 0.000182
-108.974139 183.102293 -0.119198 0.200201
131.655254 -26.645073 0.143537 -0.029074
277.218161 5.706999 0.302793 0.006552
-317.354989 192.081239 -0.346382 0.209244
-48.348745 -72.339225 -0.052796 -0.079132
-41.293913 -45.559656 -0.044761 -0.049627
-242.103806 -34.685618 -0.264435 -0.037958
-199.239532 164.570845 -0.217374 0.179612
-120.203981 108.943679 -0.131420 0.119257
114.289566 4.112254 0.124776 0.004344
-153.175099 -9.335002 -0.167228 -0.010489
-110.714414 290.993875 -0.120983 0.317855
-287.583224 189.733237 -0.313982 0.207212
-20.771998 -115.306246 -0.022868 -0.125951
41.582901 -290.117933 0.045182 -0.317011
74.836586 56.669989 0.081699 0.061832
170.599792 -594.772967 0.185975 -0.649135
220.555545 -1.169056 0.240573 -0.001082
-2.638020 -113.240274 -0.002826 -0.123624
379.091571 154.720034 0.414324 0.168707
-65.735470 178.775612 -0.071729 0.194632
-342.240197 147.870404 -0.373549 0.161341
10.603806 316.108218 0.011518 0.345309
97.784088 79.585397 0.107000 0.087287
202.764436 -79.721946 0.221451 -0.086743
-83.305449 151.552341 -0.091172 0.165649
186.391657 353.501366 0.203620 0.385988
-32.946679 -241.641002 -0.035875 -0.263898
130.031763 -159.199124 0.142079 -0.173770
-288.210704 99.413879 -0.314497 0.108538
134.423880 209.998190 0.146969 0.229542
132.318836 -12.993483 0.144075 -0.014468
238.512891 342.033489 0.260610 0.373817
-167.350687 -153.824820 -0.183101 -0.168029
247.795981 46.867648 0.270182 0.051266
-265.802949 -240.869788 -0.289764 -0.263091
-11.312726 72.170852 -0.012657 0.079024
-166.193861 -206.742350 -0.181623 -0.225657
-57.063668 31.394522 -0.062487 0.034496
-109.755789 -46.616166 -0.119571 -0.050649
-118.686810 237.649338 -0.129530 0.259513
-239.907749 263.103018 -0.262199 0.287407
-497.264984 -78.971625 -0.542590 -0.086048
-402.266843 104.703951 -0.438983 0.114146
-195.464089 -122.322259 -0.213383 -0.133876
215.896105 367.168193 0.235624 0.401046
232.615749 -27.433716 0.253987 -0.029979
-99.433800 -154.371307 -0.108551 -0.168484
24.681004 99.352741 0.026987 0.108021
-30.691136 97.589700 -0.033379 0.106531
-210.802953 258.713558 -0.230547 0.282236
414.350894 62.322610 0.452062 0.068342
-80.049755 -72.072770 -0.087633 -0.078610
-230.051800 -158.043040 -0.251158 -0.172511
130.762049 -7.106509 0.142675 -0.007528
-16.344271 -319.499787 -0.017820 -0.348997
-50.699567 -181.143840 -0.055348 -0.197940
-117.151034 191.862658 -0.127982 0.209130
90.847118 -277.523725 0.099427 -0.303185
-205.762361 72.154301 -0.224808 0.078436
-48.282610 296.411096 -0.052767 0.323672
3.285714 181.933382 0.003433 0.198210
205.957139 -37.051938 0.224825 -0.040175
227.086469 -121.481251 0.248268 -0.132949
85.799261 51.777021 0.093621 0.056341
-108.443591 -70.309890 -0.118551 -0.076688
154.652133 48.320203 0.169500 0.052773
33.583278 -272.931494 0.036603 -0.297682
143.249300 -71.687577 0.156458 -0.078480
-101.416243 316.339223 -0.110687 0.345459
-34.636451 -79.955391 -0.038038 -0.087253
-70.111610 -214.615938 -0.076258 -0.234437
235.241224 -62.999788 0.257021 -0.069436
168.988261 -9.063888 0.184571 -0.010163
-120.406578 -223.546980 -0.131652 -0.243927
-104.130557 -180.715500 -0.114005 -0.197778
13.322194 148.581024 0.014973 0.162004
155.267710 144.574537 0.169844 0.157448
37.805331 -59.995444 0.041078 -0.065386
-72.173094 83.490378 -0.078762 0.091284
-49.311659 -67.233914 -0.054154 -0.073239
-393.202411 178.621353 -0.429505 0.195073
-86.374016 103.143763 -0.094392 0.112391
154.506067 -140.076983 0.168658 -0.152672
172.873683 -5.912046 0.188891 -0.005999
225.897067 74.483744 0.246887 0.081576
236.044697 -377.007530 0.257532 -0.411984
52.533589 5.235871 0.057332 0.005448
196.069543 307.911608 0.213982 0.336349
-271.144372 -115.671404 -0.295941 -0.126511
-60.330671 -67.180333 -0.065955 -0.073431
20.629284 138.552513 0.022347 0.151032
119.137608 -5.966430 0.129965 -0.006465
7.242950 19.574296 0.007968 0.021330
119.940309 141.597073 0.130786 0.154602
49.285352 -133.719588 0.053593 -0.145640
-99.888293 102.912729 -0.108941 0.112303
-5.100438 64.261001 -0.005487 0.070543
6.320297 358.584276 0.006848 0.391193
191.564724 -10.853289 0.209369 -0.011834
92.129929 233.834365 0.100711 0.255350
168.360742 -36.907020 0.183944 -0.040224
-163.329530 21.153079 -0.178246 0.022900
137.043035 224.819497 0.149434 0.245140
178.607787 -68.851385 0.194991 -0.075182
-99.868065 -110.690676 -0.109095 -0.121096
-55.238722 96.188456 -0.060239 0.105054
343.737211 -321.551921 0.375040 -0.351062
47.026296 -162.771452 0.051496 -0.177828
70.346097 -144.721172 0.076970 -0.158231
-116.178023 -80.947502 -0.126668 -0.088301
-266.300531 106.516783 -0.291172 0.116358
-20.517182 -177.455540 -0.022716 -0.193616
233.094058 10.902834 0.254213 0.011640
280.793969 213.797423 0.306783 0.233427
-113.055440 -383.185093 -0.123619 -0.418120
-111.902873 63.475850 -0.121734 0.069230
366.758584 -64.342558 0.400158 -0.070156
-181.299441 -24.916201 -0.197897 -0.027296
-381.595841 72.552111 -0.416652 0.079462
81.235044 -95.749463 0.088225 -0.104643
-84.799168 62.738473 -0.093008 0.068433
-112.534446 -388.590747 -0.122292 -0.424362
79.029529 4.398997 0.086476 0.004634
32.803784 193.315107 0.035654 0.211311
356.178616 134.486089 0.388695 0.147058
126.979014 -66.122836 0.138935 -0.072395
-166.121013 -106.184969 -0.181382 -0.116000
-65.649264 -76.854405 -0.071507 -0.084075
14.639275 -213.258530 0.015676 -0.233025
-132.680250 89.755079 -0.144868 0.098399
-65.837185 -65.393553 -0.072054 -0.070869
-93.984312 -88.147355 -0.102638 -0.096047
27.528284 -157.573648 0.029969 -0.172185
41.823626 140.835808 0.045828 0.153744
104.241281 -195.151011 0.113799 -0.212788
-153.097061 73.820674 -0.167234 0.080913
-85.984724 -96.537892 -0.093832 -0.105369
184.840865 -165.765329 0.201998 -0.180889
-58.988896 -76.327966 -0.064386 -0.083101
-244.194765 8.371347 -0.266456 0.008964
-75.419444 -44.623348 -0.082317 -0.049015
-43.664491 104.607033 -0.047558 0.114417
-47.938406 -56.120820 -0.052118 -0.061380
-190.333816 47.086737 -0.207799 0.051517
-260.903554 23.442125 -0.284991 0.025938
292.330208 408.051257 0.318862 0.445349
91.058323 48.649997 0.099374 0.052930
-17.798358 -116.850806 -0.019658 -0.127685
176.591733 -189.601158 0.192837 -0.206672
-191.529320 -262.173250 -0.208994 -0.286586
110.388263 -378.561386 0.120592 -0.413483
-99.593778 -216.090971 -0.108784 -0.235886
125.217324 -114.915087 0.136375 -0.125462
-14.116830 -25.575180 -0.015242 -0.028032
129.529194 -250.281271 0.141145 -0.273135
163.816018 -167.856806 0.178647 -0.183255
199.404947 -231.586840 0.217777 -0.252562
-286.286351 -11.908543 -0.312582 -0.013175
-31.549467 9.782097 -0.034594 0.010532
-94.870449 0.276956 -0.103698 0.000305
98.945107 586.945483 0.108087 0.641132
-129.595130 299.456742 -0.141336 0.327230
-61.365464 -283.904928 -0.066779 -0.310205
307.235816 -371.114699 0.335292 -0.405437
62.524029 -120.564578 0.068124 -0.132199
-259.353873 261.631442 -0.283273 0.285725
58.984534 70.668731 0.064356 0.077570
-258.255203 10.878838 -0.282055 0.011965
164.371576 41.552093 0.179530 0.045656
194.909581 -236.134135 0.213169 -0.257605
89.849796 -215.721568 0.098083 -0.235768
255.111039 236.229672 0.278552 0.257679
232.218074 155.274945 0.253580 0.169597
-33.230245 -126.415743 -0.036250 -0.138159
-300.946787 -405.750557 -0.328590 -0.443344
-302.839147 120.381573 -0.330179 0.131328
-333.581820 -99.986072 -0.363946 -0.109093
-2.932936 159.051731 -0.003004 0.173600
-154.060021 72.407757 -0.168093 0.078727
-189.392105 179.762237 -0.206670 0.196383
-227.973979 -45.891927 -0.248893 -0.050220
184.113040 183.285255 0.200772 0.199930
168.281503 -184.949394 0.184023 -0.202033
156.407433 21.967467 0.170831 0.024062
316.380212 131.919089 0.345253 0.144176
252.868977 231.724005 0.275816 0.252707
309.201125 -329.359414 0.337505 -0.359632
-432.371665 230.470441 -0.472200 0.251327
110.795598 -145.767335 0.120402 -0.159479
-40.430461 165.304080 -0.044123 0.180173
-10.564902 259.451206 -0.011701 0.283452
-28.145518 267.898817 -0.030627 0.292240
34.494486 -142.438744 0.037760 -0.155526
-333.306764 73.356393 -0.363820 0.080168
-122.173947 55.897173 -0.133579 0.061377
-64.713657 -123.503560 -0.070729 -0.134611
-338.376129 21.070014 -0.369552 0.023636
115.123196 48.694260 0.125869 0.053668
203.222007 9.884806 0.221606 0.010973
256.890178 -19.584550 0.280758 -0.021380
-294.537515 115.068539 -0.321821 0.125645
51.950558 323.976794 0.056693 0.353757
-81.030280 232.112172 -0.088482 0.253557
65.409380 -286.273089 0.071502 -0.312612
270.198707 -195.140699 0.294614 -0.213081
275.806193 -156.914837 0.301260 -0.171277
-17.970091 -155.107678 -0.019824 -0.169619
-459.763664 127.742852 -0.501800 0.139313
-92.831615 107.745439 -0.101459 0.117750
169.109943 135.184221 0.184387 0.147826
9.873212 -20.138588 0.010943 -0.021980
-76.828250 -129.564234 -0.084082 -0.141770
116.467838 -51.598615 0.127470 -0.056264
294.836853 658.589620 0.321820 0.718958
-288.163289 -78.404187 -0.314541 -0.085515
190.032440 188.032924 0.207053 0.205097
144.107643 -187.503039 0.157365 -0.204748
12.912355 -188.133827 0.014225 -0.205270
-103.897732 103.507039 -0.113621 0.113080
155.913648 -102.976655 0.170280 -0.112717
-197.418585 48.230209 -0.215824 0.052489
242.514807 -33.091528 0.264501 -0.036304
-161.387892 123.866003 -0.176212 0.135239
95.160577 -199.847252 0.103640 -0.218094
-90.926338 286.051709 -0.099735 0.312252
114.206010 -68.601144 0.124878 -0.075057
4.633346 -210.311265 0.005369 -0.229866
-145.005546 25.286006 -0.158142 0.027909
-173.925579 128.512159 -0.190261 0.140452
-178.398019 -327.976929 -0.194818 -0.357790
83.967280 -93.665660 0.091834 -0.102221
123.476799 -127.999838 0.134328 -0.139718
-9.271085 -18.568106 -0.009868 -0.020364
399.529770 -70.218639 0.436064 -0.076297
-210.188363 66.718679 -0.229049 0.072733
154.781474 62.058910 0.169111 0.067611
191.704385 114.421539 0.209444 0.124942
142.635768 -24.768821 0.155658 -0.027359
13.238324 30.404667 0.014455 0.033161
90.562977 -145.235279 0.099333 -0.158443
-91.884827 193.574291 -0.100334 0.211265
98.532823 -50.722599 0.107602 -0.055473
-48.364315 39.411903 -0.052672 0.042614
-119.481579 341.014878 -0.130414 0.372291
-14.326892 127.259960 -0.015747 0.138805
-126.182944 -159.606939 -0.138125 -0.174128
16.641213 201.333682 0.018111 0.219773
233.962686 -105.690972 0.255380 -0.115451
53.803376 -234.362582 0.058323 -0.255848
-85.946702 28.016640 -0.093950 0.030870
-157.940638 18.834311 -0.172427 0.020513
-75.809596 -148.420144 -0.082574 -0.162299
-214.165950 -77.130993 -0.233981 -0.083961
-21.020798 -357.468765 -0.022764 -0.390036
42.468370 44.542050 0.046244 0.048958
-106.072218 107.136604 -0.115953 0.117054
202.262813 -33.401287 0.220857 -0.036599
-33.700965 -150.985778 -0.036652 -0.164941
-197.546104 -241.665173 -0.215593 -0.263658
11.600675 295.730494 0.012779 0.322802
-160.662560 157.971608 -0.175614 0.172108
-429.158839 212.463733 -0.468240 0.232162
127.585184 476.674507 0.139656 0.520618
-415.504639 49.809023 -0.453757 0.054170
281.694645 141.922708 0.307251 0.154825
130.596126 192.242228 0.142419 0.209868
354.129988 62.262437 0.387123 0.067904
265.891148 -346.958158 0.290202 -0.378793
144.764577 173.556363 0.157863 0.189861
-124.819063 -103.876733 -0.135886 -0.113285
187.159181 231.216231 0.204341 0.252673
-79.162664 -139.799860 -0.086630 -0.152754
75.977425 -54.868055 0.083182 -0.059688
186.853757 199.119430 0.204313 0.217226
287.331057 81.027612 0.313459 0.088322
24.784943 322.652530 0.026901 0.352614
106.000121 -298.332981 0.115675 -0.325657
-65.820323 -181.686626 -0.072415 -0.198417
372.454323 -201.252320 0.406530 -0.220171
-6.768989 246.920542 -0.007857 0.269570
197.382756 -29.229955 0.215741 -0.031741
2.962577 126.674316 0.003274 0.138506
-4.926589 8.594715 -0.005517 0.008821
-192.828347 374.964409 -0.210683 0.409350
61.913828 38.898142 0.067407 0.042668
332.157172 100.361758 0.362951 0.109578
-15.737318 242.844223 -0.017151 0.265177
-282.145678 207.752277 -0.307598 0.226945
315.756167 -87.516503 0.344704 -0.095436
36.191411 163.023535 0.039318 0.178063
234.459583 28.363934 0.255905 0.031175
245.026227 111.213620 0.267460 0.121895
-179.258029 -193.719477 -0.195891 -0.211651
-75.569666 124.061233 -0.082598 0.135636
233.565948 -118.414760 0.255125 -0.129361
-16.645895 -182.557239 -0.017827 -0.199503
291.196701 -63.032063 0.317860 -0.068975
28.445471 390.149543 0.030816 0.425613
272.845443 74.644320 0.298322 0.081370
-75.292719 14.819510 -0.082133 0.016156
92.312418 -124.860284 0.100885 -0.136253
33.215214 82.759486 0.036044 0.090467
195.092764 -1.742655 0.212939 -0.001631
-148.823681 86.125545 -0.162339 0.093945
-113.144881 24.278344 -0.123514 0.026417
-116.676657 211.184728 -0.127472 0.230571
189.443376 131.289000 0.206859 0.143764
-120.841515 167.144608 -0.132086 0.182676
50.464068 -120.625842 0.055154 -0.131887
-50.276532 -51.116872 -0.054682 -0.055481
-373.977130 168.276248 -0.408171 0.183640
-102.718540 -81.479587 -0.112330 -0.088972
103.345584 -80.536595 0.112270 -0.088002
34.885623 -275.806954 0.037495 -0.300855
120.470272 127.626557 0.131421 0.139379
-197.868171 134.264062 -0.216340 0.146185
135.011277 68.104888 0.147350 0.073944
-259.243173 -14.221961 -0.282546 -0.015511
-149.956594 91.702894 -0.163487 0.100384
-96.706413 -237.068108 -0.105965 -0.258627
213.739577 -103.558472 0.233351 -0.112958
104.542975 -33.406316 0.114085 -0.036890
-227.424226 20.908294 -0.248282 0.022689
-175.479160 204.855967 -0.191974 0.223659
159.163999 422.173453 0.173661 0.461178
190.039697 11.673445 0.207321 0.013215
74.998575 128.291268 0.081959 0.139775
81.164308 192.389061 0.088469 0.210243
-97.137837 169.616888 -0.106304 0.185260
78.201200 210.576444 0.085465 0.229755
326.666521 -121.343933 0.357042 -0.132880
101.275561 -167.447294 0.110593 -0.183051
-185.885898 -37.259551 -0.202890 -0.040924
210.529100 -7.503654 0.230127 -0.008259
-31.757734 -236.016536 -0.034535 -0.257583
229.811982 151.643762 0.251110 0.165408
18.232909 -318.430403 0.019803 -0.347664
-112.650996 -147.494405 -0.122761 -0.160882
108.831264 -285.896659 0.118870 -0.312373
-212.434027 575.327722 -0.231870 0.628102
60.745142 149.185383 0.066342 0.162914
-53.173855 288.965509 -0.057885 0.315278
-476.096174 127.849468 -0.519555 0.139587
52.725970 -0.688754 0.057573 -0.000991
129.956320 113.130054 0.141928 0.123696
236.582636 -36.589045 0.257934 -0.039784
118.950122 13.621926 0.129654 0.014861
-37.900328 3.572654 -0.041666 0.003552
98.287040 48.420008 0.106850 0.053024
-16.946699 -322.590195 -0.018571 -0.351930
59.411187 158.929904 0.064841 0.173232
-113.883023 148.971270 -0.124355 0.162418
132.744841 -443.249284 0.144677 -0.483486
-17.143766 -265.314800 -0.018982 -0.289711
209.200117 -46.229069 0.228427 -0.050228
-214.679956 318.648426 -0.234390 0.347694
131.276110 93.488739 0.143320 0.102372
-226.347802 5.858874 -0.247423 0.006746
389.387232 114.607614 0.425045 0.125222
-216.492326 -78.460319 -0.236341 -0.085694
161.184895 203.534248 0.176188 0.222517
102.021478 -181.907084 0.111090 -0.198716
-69.704097 -202.399158 -0.075949 -0.221055
-58.478209 349.711543 -0.063802 0.381500
-73.806026 325.409294 -0.080247 0.355395
200.616720 -210.532362 0.219018 -0.230244
84.555670 217.555577 0.091656 0.237890
213.657417 8.764682 0.232989 0.009618
-32.044753 -105.255199 -0.034917 -0.114605
106.205077 209.601337 0.115632 0.229023
-230.290914 -343.224597 -0.251407 -0.374508
174.033486 -113.978639 0.190362 -0.124576
-319.885599 11.939232 -0.349023 0.012511
-25.441410 41.484282 -0.027784 0.045018
383.884033 12.734505 0.418769 0.014012
342.688956 94.501853 0.374231 0.103006
14.349525 18.179425 0.015492 0.019744
88.041411 147.248818 0.096403 0.160795
126.847898 -144.617005 0.138533 -0.157511
-23.148369 -196.940745 -0.025416 -0.215003
137.123768 207.883639 0.150185 0.226744
-81.125081 4.067125 -0.088450 0.004719
204.471626 -137.414475 0.223312 -0.150280
-206.406692 -247.704405 -0.225435 -0.270696
470.963597 -52.872109 0.514639 -0.057465
163.742573 193.779294 0.178789 0.211627
-102.909757 -186.129975 -0.112484 -0.203243
-229.018758 -31.713384 -0.250027 -0.034406
-171.402704 -177.365398 -0.186723 -0.193696
-291.119022 -88.614906 -0.318273 -0.096767
-92.175490 -12.327867 -0.100579 -0.013214
122.556189 -118.937844 0.134045 -0.129703
-158.636179 -197.534536 -0.172961 -0.215774
133.293570 -297.775168 0.145444 -0.324959
-113.625768 -209.470178 -0.123754 -0.228423
60.270937 61.460046 0.065967 0.067318
-23.922578 -237.505977 -0.026276 -0.259038
224.139466 -152.337834 0.244333 -0.166440
-171.600722 -61.836922 -0.187175 -0.067534
-36.172672 -420.649679 -0.039251 -0.459270
119.505832 -130.375464 0.130202 -0.142238
49.392585 -71.897643 0.053908 -0.078664
70.389971 293.579915 0.076619 0.320714
-282.725029 -35.857949 -0.308715 -0.039078
-20.866131 -38.830527 -0.022648 -0.042733
-188.778040 -91.680400 -0.206296 -0.100315
49.743678 97.689900 0.054122 0.106810
33.984800 116.421261 0.037294 0.126711
-191.248926 39.011638 -0.209004 0.042401
112.588776 357.549304 0.123025 0.390345
218.738248 204.699861 0.238945 0.223655
210.178834 39.502660 0.229534 0.042849
-58.602906 -41.941120 -0.063699 -0.046033
-94.126276 -504.113962 -0.102387 -0.550717
-9.470110 63.898274 -0.010304 0.069600
57.930892 168.098215 0.063507 0.183221
-274.815731 -27.667045 -0.299948 -0.030462
-6.231431 79.667399 -0.006847 0.086686
201.760338 -329.110026 0.219854 -0.358930
-353.306801 369.805962 -0.385719 0.403805
-121.727164 256.155780 -0.132611 0.280048
-202.085282 343.785142 -0.220410 0.375142
28.193419 265.233753 0.030371 0.289252
303.244088 -256.112699 0.330867 -0.279318
-255.996036 -57.715522 -0.279498 -0.062736
-135.573706 -229.102937 -0.148031 -0.250122
-96.225382 114.196647 -0.104734 0.124803
-106.996603 -293.145603 -0.116683 -0.319933
262.035346 315.289965 0.285950 0.344529
120.971413 -58.865333 0.131982 -0.064266
-71.897459 -2.985175 -0.078687 -0.003103
80.052585 93.040333 0.087541 0.101493
-107.489207 -51.014541 -0.117229 -0.055819
-300.032569 -76.428948 -0.327547 -0.083309
11.501551 113.096244 0.012558 0.123571
9.154477 191.382971 0.010121 0.208872
29.511395 54.558668 0.031916 0.059701
-25.554530 133.139065 -0.028047 0.145475
18.873565 113.749341 0.020595 0.124283
327.410615 76.304293 0.357368 0.083529
211.903212 147.668349 0.231404 0.161237
70.423695 -158.404432 0.076473 -0.172841
189.496010 225.723528 0.206985 0.246435
-20.385530 -123.301573 -0.022021 -0.134830
-120.252481 29.781771 -0.131922 0.032481
-120.886621 348.409358 -0.132357 0.380564
348.697866 149.563664 0.380763 0.162895
293.459740 -54.238461 0.320506 -0.058918
166.493876 -122.122376 0.181797 -0.132970
26.757884 -112.980918 0.028878 -0.123513
169.214881 -10.405705 0.184865 -0.011424
271.081232 -116.933587 0.295925 -0.127011
-211.001276 -22.547571 -0.230265 -0.024327
-77.560050 -44.757255 -0.084432 -0.048926
-52.921710 90.453396 -0.057670 0.098627
200.125813 -193.517984 0.218366 -0.210892
-154.246938 -162.965992 -0.168206 -0.177604
364.004063 -54.170479 0.397248 -0.058943
-17.680276 239.488277 -0.019391 0.261575
-82.081649 -146.696749 -0.088936 -0.160336
-52.860384 181.134631 -0.057258 0.197619
-16.788892 -131.161114 -0.018228 -0.143553
-168.936235 272.058650 -0.184427 0.296769
2.598955 -40.411492 0.002493 -0.043976
58.025712 -120.781635 0.063650 -0.131650
-308.805011 52.834325 -0.336847 0.057840
223.588774 -116.496203 0.244213 -0.126954
-72.809572 -250.579834 -0.079380 -0.273814
75.798740 142.935095 0.083181 0.156154
20.567739 -228.027991 0.022504 -0.248982
-254.299079 104.116104 -0.277628 0.113834
164.814249 277.046693 0.180105 0.302519
30.544917 -128.689900 0.033385 -0.140205
-436.881829 56.422828 -0.476599 0.061928
20.205720 41.564483 0.022112 0.045727
196.924359 -53.056940 0.214947 -0.057816
-139.368668 211.735035 -0.152445 0.231200
-277.689803 -295.625559 -0.303237 -0.322375
-38.328887 81.659559 -0.041450 0.089399
-23.224624 -9.603573 -0.025055 -0.010262
23.538525 314.489598 0.025820 0.343262
305.747758 230.938912 0.333699 0.252504
19.111195 376.623073 0.020839 0.411357
-19.471096 323.212634 -0.021164 0.353072
-352.720863 182.447403 -0.385219 0.199203
19.661454 100.133079 0.021389 0.109647
52.876569 43.946691 0.058083 0.048047
-113.340124 48.991349 -0.123844 0.053498
193.239224 140.216079 0.211171 0.152881
-146.364550 -112.111568 -0.159912 -0.122140
-159.921820 231.328319 -0.174581 0.252245
-148.291404 164.963031 -0.161580 0.179973
-8.162044 -136.405195 -0.008820 -0.148925
-123.741752 49.652915 -0.135110 0.054453
-26.562281 71.173249 -0.028724 0.077604
57.165395 -260.437264 0.062305 -0.284585
320.140186 -25.892027 0.349800 -0.028038
259.429117 -1.391364 0.283287 -0.001666
-406.957887 11.783594 -0.444280 0.012937
-36.881747 21.419744 -0.040253 0.023723
-209.414260 119.832559 -0.228381 0.130851
233.954127 -148.923515 0.254955 -0.162614
209.189017 103.143312 0.228449 0.112552
10.731700 -203.842857 0.011605 -0.222520
19.979333 83.759325 0.022016 0.091830
454.796317 -74.475677 0.496344 -0.081228
-13.614861 -156.743434 -0.014782 -0.171166
-108.502846 -147.814757 -0.118751 -0.161330
146.777596 -128.832916 0.160571 -0.140922
217.646905 26.428812 0.237773 0.028997
50.062345 55.192403 0.054851 0.060170
-90.726437 48.235570 -0.099039 0.052997
-59.290623 140.041736 -0.064183 0.152636
132.698767 259.676364 0.144904 0.283444
-12.657197 22.108060 -0.013829 0.024178
63.958485 -3.474505 0.069995 -0.003781
-229.470381 -238.245305 -0.250560 -0.260115
-137.622216 251.667982 -0.150157 0.274508
-80.266946 -364.129479 -0.087941 -0.397611
-226.513659 93.652539 -0.247502 0.102378
63.961135 -325.374645 0.069423 -0.354950
61.728403 -187.599295 0.067360 -0.204727
-166.659804 -136.128680 -0.182176 -0.148538
-155.116853 -282.179407 -0.169088 -0.308097
186.991262 -59.099608 0.204247 -0.064361
131.715007 149.729196 0.143807 0.163478
16.173055 -119.126484 0.018085 -0.130025
-276.216133 -225.691174 -0.301984 -0.246373
-83.811080 102.634754 -0.091110 0.111851
73.471045 -125.067392 0.080190 -0.136555
-31.357319 -30.099255 -0.034235 -0.032616
-60.587303 274.097657 -0.065991 0.299283
-29.596772 -149.211396 -0.032288 -0.162674
24.321871 -160.086072 0.026496 -0.174493
26.115818 124.996835 0.028600 0.136303
99.049061 -126.828854 0.107588 -0.138704
111.957887 -344.422399 0.122582 -0.376134
13.955866 31.148349 0.015467 0.033983
101.031540 -253.891619 0.110551 -0.277163
-238.596942 259.422658 -0.260410 0.283197
-71.640324 -590.904973 -0.078334 -0.644984
-143.522712 215.595501 -0.156838 0.235655
27.083019 283.205535 0.029204 0.308977
202.365037 -214.609672 0.221006 -0.234225
164.184828 -56.817022 0.179232 -0.062131
-32.958340 -431.854161 -0.036002 -0.471329
-47.809140 165.901493 -0.052120 0.181205
218.970922 10.757277 0.239042 0.011230
155.154778 -141.851142 0.169337 -0.154929
313.943990 -122.764421 0.342480 -0.134043
241.182865 -67.308505 0.263038 -0.073096
76.591975 -151.994939 0.083355 -0.165576
-117.485189 37.223968 -0.128284 0.040261
-267.266818 -140.312296 -0.291985 -0.152754
208.916031 189.606313 0.228411 0.206859
-56.023395 -24.189017 -0.060964 -0.026429
-204.432125 -175.370756 -0.223526 -0.191700
54.163069 -188.250447 0.059118 -0.205727
68.837781 86.192821 0.075088 0.094142
-272.719677 184.206228 -0.298111 0.200985
146.880692 -150.223855 0.161017 -0.163938
532.373860 69.169525 0.581383 0.075369
-134.390088 327.571660 -0.146805 0.357328
25.259912 16.047708 0.027606 0.017357
-209.552240 -198.212705 -0.228761 -0.216345
-154.573815 34.974720 -0.168649 0.038152
-372.134540 221.382825 -0.406517 0.241542
226.022713 -98.218485 0.246829 -0.107038
-161.352142 230.792493 -0.175752 0.251820
-307.604602 -16.967506 -0.335678 -0.018274
43.896548 181.064718 0.047908 0.197681
-322.312574 126.241408 -0.351846 0.137683
20.011654 418.323437 0.021980 0.457111
-303.902753 76.353721 -0.331888 0.083063
158.686200 -189.236548 0.173556 -0.206392
-365.851803 -130.967540 -0.399909 -0.142583
221.050070 325.412360 0.241191 0.355448
117.941388 -179.310377 0.128851 -0.195667
-99.133385 146.330958 -0.107918 0.159626
168.443415 -179.380413 0.183588 -0.195901
21.621541 -138.962726 0.023501 -0.151571
6.560655 101.709943 0.007419 0.111289
0.595896 -214.861723 0.000990 -0.234862
120.202550 147.796933 0.131442 0.161497
377.588079 209.087900 0.412338 0.228214
104.160417 -68.894928 0.113762 -0.075395
70.352215 184.611105 0.077046 0.201635
-285.323647 -374.817634 -0.311286 -0.409178
-56.160710 175.386731 -0.061059 0.191519
-149.760108 -237.361445 -0.163424 -0.259082
-257.527321 7.773492 -0.281022 0.008094
482.221323 -63.818559 0.526184 -0.069622
-116.866675 15.492649 -0.127696 0.017167
-30.467132 -120.010821 -0.033658 -0.131333
-3.990115 -139.012176 -0.004139 -0.151495
185.679795 -90.255013 0.202490 -0.098462
3.960794 -247.913533 0.004517 -0.270615
40.367446 -232.588696 0.043725 -0.254226
4.602545 -60.283337 0.004807 -0.065746
95.175178 102.616175 0.103683 0.112045
-258.476301 13.077061 -0.281879 0.014277
-12.385554 -67.077879 -0.013566 -0.073195
212.154013 48.275707 0.231792 0.053213
-79.515932 -49.686082 -0.086655 -0.054618
205.534066 -33.429716 0.224374 -0.036287
-91.010720 138.957513 -0.099277 0.151510
-109.742373 110.305858 -0.119611 0.120145
175.996629 -203.621491 0.191965 -0.222291
-84.543270 -67.177328 -0.092295 -0.073478
79.373792 202.759944 0.086517 0.221469
-249.098622 46.778466 -0.272178 0.051082
157.346905 22.791886 0.171772 0.024794
265.557586 -7.974185 0.290100 -0.008645
120.713827 426.304741 0.132110 0.465607
-209.935558 -186.945456 -0.229287 -0.203926
113.526390 319.024065 0.124140 0.348275
120.639226 403.693108 0.131773 0.440781
235.441228 -324.737118 0.256969 -0.354578
-209.392957 39.685785 -0.228412 0.043482
-203.149953 37.010251 -0.221851 0.040352
75.576328 -13.224611 0.082884 -0.014342
-55.922794 306.237472 -0.060850 0.334361
-239.120682 -11.940538 -0.260923 -0.013138
181.695993 29.409050 0.198520 0.032103
25.340877 -300.641698 0.027483 -0.328033
16.048345 -41.738096 0.017544 -0.045784
313.257445 -55.811714 0.342248 -0.060657
-352.322950 -116.560124 -0.384457 -0.127215
-268.184764 -88.860024 -0.292775 -0.097077
-157.340446 -14.357799 -0.171921 -0.015797
-52.857605 128.980857 -0.057641 0.141030
18.191819 46.909648 0.019970 0.051042
-310.912068 102.775149 -0.339257 0.112404
68.025226 -157.246252 0.074331 -0.171582
16.154502 191.583394 0.017852 0.209336
40.145212 -11.434121 0.043542 -0.012253
403.620793 6.221999 0.440234 0.006633
169.542772 26.237475 0.185110 0.028739
17.160869 -109.494955 0.018495 -0.119608
8.250097 254.063104 0.008995 0.277304
208.528758 -72.525224 0.227560 -0.079069
8.099345 52.636479 0.008922 0.057749
-136.244256 292.513115 -0.148700 0.318937
17.474301 -142.172827 0.019226 -0.155274
-199.285843 31.300748 -0.217462 0.033829
110.745680 607.527802 0.120569 0.662659
392.120751 158.488419 0.427951 0.173276
-83.198851 -167.854116 -0.091272 -0.183347
202.817327 448.592526 0.221316 0.489917
19.286199 -334.526275 0.020938 -0.365244
200.681903 171.231192 0.218763 0.186781
-55.861021 80.257315 -0.061155 0.087411
-191.031895 263.283222 -0.208868 0.287716
-74.827847 227.122666 -0.081749 0.248057
-115.061410 -79.337135 -0.125694 -0.086844
100.645782 -82.968853 0.109660 -0.090051
-41.000775 -148.529172 -0.044535 -0.162452
349.695458 9.692146 0.382088 0.010244
-7.161624 57.686267 -0.007806 0.063019
331.994553 -67.949072 0.362595 -0.074228
-103.056338 -101.569643 -0.112355 -0.110739
115.929034 -347.940838 0.126481 -0.379766
-246.416907 -25.361546 -0.269408 -0.027614
-247.589294 -250.449557 -0.270674 -0.273408
75.786671 66.723684 0.082509 0.072890
-102.927962 -40.626616 -0.112424 -0.044245
-193.873645 408.346805 -0.211681 0.445553
-68.092233 273.718542 -0.074431 0.299093
-240.514641 18.166121 -0.262305 0.019914
-90.680920 -18.978685 -0.098682 -0.020773
-303.653722 -32.221790 -0.331508 -0.035296
97.812356 141.305726 0.106951 0.154192
-15.808239 33.024294 -0.017428 0.036063
-13.291841 -146.900232 -0.014812 -0.160092
-97.690012 399.913067 -0.106658 0.436483
-133.803404 293.222713 -0.145885 0.319972
-56.531569 36.087902 -0.062232 0.039455
25.371298 -7.930363 0.027494 -0.008649
124.580049 117.544983 0.135891 0.128923
162.684659 16.739104 0.178042 0.018306
345.544159 -233.035654 0.377322 -0.254680
226.766924 -300.266281 0.247741 -0.327836
-249.569178 -3.358930 -0.272742 -0.003810
-90.439179 243.985763 -0.098437 0.266345
-3.157844 66.163345 -0.003371 0.072144
-12.570409 -142.540922 -0.013829 -0.155602
5.357636 310.344442 0.005930 0.339717
-273.663547 317.877245 -0.299170 0.347104
114.694524 123.190456 0.125588 0.134333
-66.521255 -208.865512 -0.072847 -0.227923
-336.124045 265.658152 -0.366991 0.289867
19.888004 -323.284464 0.022079 -0.352748
-45.600375 31.285178 -0.049838 0.034034
306.699545 -338.434818 0.334888 -0.369739
243.362477 428.814111 0.265315 0.468281
-295.473481 431.496971 -0.322836 0.471323
19.442099 -476.212557 0.020763 -0.519937
-26.317120 -108.049363 -0.028682 -0.117959
-269.710031 4.369877 -0.294799 0.004120
66.304235 91.373192 0.072313 0.099613
-336.094375 72.313708 -0.366992 0.078894
-63.522115 27.344425 -0.069258 0.030056
-125.032024 243.554099 -0.136404 0.265770
-150.146288 252.724398 -0.163920 0.276056
82.713672 -77.104570 0.090321 -0.084216
182.199936 -288.899007 0.199078 -0.315309
-91.004714 179.498212 -0.099495 0.195793
-148.729680 72.559223 -0.162583 0.079090
156.386133 121.962711 0.171022 0.133270
-222.056808 -29.420690 -0.242573 -0.032206
186.445706 -144.594256 0.203546 -0.157918
82.619472 72.387479 0.090448 0.078963
52.399977 67.520300 0.057135 0.073575
186.264455 73.628019 0.203492 0.080535
-264.652899 -32.592208 -0.288698 -0.035409
90.793928 -401.098460 0.099179 -0.437821
115.338572 46.301406 0.125608 0.050623
102.926047 377.934196 0.112334 0.412839
-195.090826 101.669844 -0.213105 0.110824
-146.613162 -97.243633 -0.159513 -0.106062
-130.865836 -169.972081 -0.142916 -0.185722
-71.116891 -398.163678 -0.077792 -0.434699
-76.579198 168.862869 -0.083881 0.184168
3.730170 172.901078 0.003840 0.188553
308.165199 -319.425648 0.336474 -0.348380
108.342462 -29.554795 0.118325 -0.032315
22.359146 48.334806 0.024399 0.052696
119.371214 206.312749 0.130239 0.225288
-123.398352 283.488544 -0.134489 0.309410
22.813401 -39.310076 0.024976 -0.042994
-90.786894 -8.973305 -0.099015 -0.009994
-232.519036 113.818004 -0.253811 0.124082
-75.134386 85.940303 -0.081926 0.093994
177.298931 -159.641215 0.193894 -0.173937
-256.921888 346.558830 -0.280849 0.377898
124.402913 -14.228508 0.135701 -0.015796
35.823813 11.229109 0.039165 0.012337
-85.802296 72.527972 -0.093560 0.078885
115.286397 380.004167 0.125641 0.415307
17.544666 317.917761 0.019241 0.347395
32.729199 121.478741 0.035995 0.132562
-30.880342 -90.531876 -0.033349 -0.098818
16.867963 291.928936 0.018614 0.319052
-81.254580 65.285334 -0.088772 0.071105
-67.601394 119.782956 -0.073771 0.130811
44.180084 -106.474352 0.048493 -0.116527
-132.379776 -285.974621 -0.144720 -0.312072
122.101692 403.761576 0.133162 0.440591
-333.475798 -170.395520 -0.363799 -0.186415
35.537546 -45.776477 0.039110 -0.050432
-100.803841 -264.039764 -0.109871 -0.288150
0.103157 8.654761 0.000148 0.008911
126.366031 -12.819089 0.137508 -0.014066
29.249995 -50.769105 0.031871 -0.055267
19.592638 -354.848242 0.021626 -0.387429
45.054969 -256.430688 0.049457 -0.280263
52.507366 300.907273 0.057400 0.328351
-21.431910 -6.349486 -0.023291 -0.007282
-223.803388 -73.130989 -0.244147 -0.079574
-280.606745 -209.931050 -0.306154 -0.229480
-24.761898 -207.820530 -0.027081 -0.226954
-162.797803 296.615081 -0.177749 0.323926
241.225661 -37.680699 0.263170 -0.041332
166.857253 69.377886 0.182385 0.075715
-328.559871 52.624166 -0.358477 0.057415
-307.346520 81.212369 -0.335631 0.089201
117.128384 -20.466695 0.127825 -0.021814
298.315935 -164.919455 0.325891 -0.179953
48.696994 64.827531 0.053423 0.070550
33.129049 -66.641085 0.036039 -0.072980
-44.060245 15.998697 -0.048274 0.017270
-154.365518 207.291962 -0.168258 0.226423
-137.970774 -283.438914 -0.150821 -0.309603
-130.786787 -42.437864 -0.143110 -0.046284
202.458646 53.729467 0.220969 0.058540
180.174424 96.991794 0.197039 0.105740
-129.623159 138.914521 -0.141437 0.151580
127.155583 -137.544353 0.138900 -0.149724
-127.881263 254.731962 -0.139776 0.277968
67.989348 4.163485 0.073872 0.004395
-210.116136 -153.374273 -0.229378 -0.167607
250.411110 -122.158235 0.272996 -0.133335
171.973901 -101.705971 0.187968 -0.111599
155.780137 -28.707975 0.170358 -0.031353
-104.413086 306.160314 -0.114177 0.334002
19.393993 -416.570411 0.020771 -0.455096
-47.442519 353.164413 -0.052007 0.385337
16.722334 16.487738 0.017883 0.018087
42.767993 -361.096491 0.046405 -0.394371
-138.077738 -104.516304 -0.150924 -0.114091
94.067248 259.813175 0.102717 0.283748
128.035036 -95.575664 0.139575 -0.104768
14.863063 21.740453 0.016503 0.023576
111.139523 -169.853822 0.121046 -0.185273
-40.701589 -3.315147 -0.044750 -0.003610
-101.186429 -189.518076 -0.110543 -0.206446
-97.288166 -214.129612 -0.106289 -0.233402
70.851942 71.105087 0.076970 0.077522
281.644856 79.208668 0.307487 0.086658
182.108461 -84.836400 0.198374 -0.092640
-120.860298 -253.137306 -0.131925 -0.276224
81.074342 -217.544673 0.088655 -0.237355
-328.475936 237.556168 -0.358319 0.259534
-115.711897 100.741931 -0.126620 0.110081
-120.584651 -101.193943 -0.132013 -0.110244
33.557967 -96.637664 0.036186 -0.105465
-147.776219 279.580081 -0.161613 0.305182
-98.447923 -11.773479 -0.107357 -0.012857
-186.089078 43.273195 -0.203209 0.046930
21.538254 -32.734443 0.023446 -0.035646
-85.738125 177.622305 -0.093743 0.193947
2.791562 -199.127331 0.003031 -0.217289
171.717293 -125.212356 0.187431 -0.136710
196.508600 -168.745072 0.214576 -0.184340
251.080553 160.478804 0.273973 0.175082
-73.852679 81.847664 -0.080570 0.089198
-33.497232 -74.902704 -0.036646 -0.081376
-7.146388 19.269620 -0.008069 0.021034
-124.784165 -66.122015 -0.136392 -0.072158
42.128718 -178.800101 0.045925 -0.195618
15.942047 -305.290138 0.017708 -0.333262
315.840669 -243.488010 0.344950 -0.265740
-345.730640 152.318204 -0.377395 0.166092
-15.407046 121.709745 -0.016719 0.132716
133.823818 -114.092866 0.146108 -0.124477
152.409202 308.318628 0.166293 0.336540
87.994712 327.597582 0.096126 0.357515
-155.770710 316.131559 -0.170083 0.344887
460.423843 -39.253327 0.502739 -0.042944
-13.135903 -2.283159 -0.014596 -0.003149
239.999547 251.518059 0.261675 0.274555
-89.727123 -25.131420 -0.098184 -0.027277
102.738930 -111.236808 0.111665 -0.121423
149.682904 97.305797 0.163214 0.105943
-159.909140 -80.182221 -0.174363 -0.087677
-21.294181 -410.969337 -0.023558 -0.448816
108.134501 317.501798 0.118164 0.346380
-160.866820 73.375365 -0.175668 0.080238
-243.554006 375.359243 -0.265935 0.409453
-10.838177 -169.939319 -0.012011 -0.185800
196.100779 -88.268410 0.213683 -0.096306
-68.216529 -189.053008 -0.074394 -0.206724
503.057832 192.387472 0.549055 0.209901
