1400 973 2923 0.9
-1.222742 -87.644605 -0.001229 -0.091899
181.054175 -125.546373 0.189558 -0.131548
-52.922477 -78.806372 -0.055274 -0.082344
77.036612 -173.201554 0.080676 -0.181395
189.799564 -159.009100 0.198766 -0.166542
140.856585 -97.815627 0.147446 -0.101985
52.366920 -244.548855 0.054854 -0.255984
97.074882 -300.404005 0.101502 -0.314687
-93.000248 -282.211901 -0.097467 -0.295607
108.212604 111.484804 0.113276 0.116929
357.507979 -147.429814 0.374193 -0.154174
159.391701 159.579509 0.166868 0.166808
-274.252513 74.189995 -0.287555 0.077502
147.986267 298.622992 0.154945 0.312456
166.338836 0.638653 0.174105 0.000491
-192.055593 -289.840936 -0.200896 -0.303097
208.435973 -294.905670 0.218206 -0.309126
-153.769147 289.558136 -0.160947 0.302892
190.808816 -602.306317 0.199999 -0.630908
14.700177 18.924852 0.015044 0.019425
93.715235 -13.368289 0.097977 -0.014113
-350.798659 -211.764164 -0.367513 -0.221792
-119.385499 -35.597672 -0.124803 -0.037245
129.318641 -27.435754 0.135274 -0.029108
74.971718 13.235000 0.078572 0.014061
212.998088 144.528772 0.222729 0.151282
-32.692034 214.519109 -0.033963 0.224698
73.785651 -164.113192 0.077165 -0.172090
-178.411494 56.585237 -0.187192 0.058488
209.741796 251.551699 0.219410 0.263228
6.862605 97.509731 0.007164 0.102362
-166.426269 86.702701 -0.173959 0.090572
118.707878 207.473503 0.124373 0.216946
94.485113 -277.425599 0.098844 -0.290014
5.750948 -217.578737 0.005921 -0.227645
-175.327673 -351.685549 -0.183379 -0.368206
24.794936 299.745111 0.025959 0.313622
145.986205 -26.643597 0.152984 -0.027964
-245.005246 -367.097413 -0.256885 -0.384372
256.078391 -117.586433 0.268128 -0.123302
61.009176 228.634521 0.064406 0.239544
-181.979553 264.634975 -0.190618 0.277044
156.166993 24.071201 0.163403 0.025221
96.022349 36.058911 0.100396 0.037608
9.114711 27.775203 0.009552 0.029027
146.116618 -69.566494 0.152364 -0.072730
-192.252637 43.188212 -0.201243 0.044956
-310.775571 263.487502 -0.325263 0.275758
18.895315 -265.965390 0.019915 -0.278340
-3.747682 114.095140 -0.004188 0.119241
-178.737534 57.687163 -0.187173 0.060103
-230.072398 146.425828 -0.240947 0.152981
189.182338 -302.958927 0.198067 -0.317147
-228.683307 7.230096 -0.239901 0.007599
220.647287 15.658963 0.231212 0.016492
-110.028282 -83.903918 -0.115230 -0.088094
142.244193 103.668604 0.148777 0.108074
228.114008 231.206134 0.238784 0.242238
-395.043093 115.883358 -0.413490 0.121520
137.182316 -81.080337 0.143575 -0.084708
-107.016195 -191.552757 -0.112280 -0.200545
186.605283 -250.365580 0.195534 -0.262182
-398.423027 116.111912 -0.417660 0.121333
-407.709797 138.607255 -0.426905 0.145015
204.363723 -51.286715 0.213952 -0.054110
192.146593 -2.074260 0.200960 -0.002108
123.225255 -65.319202 0.128674 -0.068507
-182.562884 -152.834003 -0.191087 -0.160179
294.711127 -151.291801 0.308667 -0.158248
-162.765964 -248.003823 -0.170709 -0.259646
195.901095 26.324057 0.205320 0.027841
218.666149 -250.625272 0.228963 -0.262673
443.934649 151.226606 0.464374 0.158360
-43.851521 -4.128220 -0.045969 -0.004345
-38.040018 -137.877165 -0.040159 -0.144540
-107.952632 65.357501 -0.113246 0.068319
-205.677682 -96.418617 -0.215430 -0.100884
-74.287647 204.583415 -0.077707 0.214218
32.846438 -172.021206 0.034188 -0.179814
73.597084 25.020356 0.076477 0.026086
26.265010 -233.134469 0.027606 -0.244251
231.839101 -251.529367 0.242378 -0.263629
328.372029 284.851399 0.343931 0.298161
-78.506236 -354.702232 -0.082314 -0.371450
153.822183 -98.225526 0.161289 -0.103036
-572.878057 56.985921 -0.599933 0.059372
110.411593 -167.467905 0.115841 -0.175569
-109.197671 -89.619912 -0.114506 -0.094006
16.482487 118.362247 0.017222 0.123793
-41.046470 415.662427 -0.043068 0.435197
93.294895 -234.088269 0.097786 -0.245143
11.713740 -79.216526 0.012313 -0.083126
-238.089770 -171.906714 -0.249374 -0.180300
72.923946 70.119476 0.076772 0.073309
-26.422842 -6.649437 -0.027862 -0.006688
117.025864 -229.746024 0.122618 -0.240816
30.156514 269.394551 0.031906 0.282120
30.473580 -97.881530 0.031810 -0.102590
121.872461 -200.634855 0.127852 -0.210230
-127.628174 42.036398 -0.133967 0.044008
-298.863417 -131.558551 -0.312867 -0.137901
-72.319829 -25.878218 -0.076036 -0.027075
-129.828338 163.145557 -0.135963 0.171372
-461.144769 314.027987 -0.483224 0.328405
144.712867 72.486423 0.151508 0.076151
134.556505 5.125856 0.141101 0.005088
32.889767 99.679279 0.034523 0.104034
457.955594 101.083371 0.479146 0.105844
-56.257215 367.065125 -0.058861 0.384517
-356.775816 4.828267 -0.373585 0.005301
203.704844 -42.744797 0.213277 -0.044927
235.443162 41.481518 0.246311 0.043651
98.591881 343.926087 0.103436 0.360305
165.859889 303.604739 0.173797 0.318139
-1.212804 -79.182316 -0.001495 -0.083294
274.811794 108.320809 0.287883 0.113233
-108.885959 79.322448 -0.114351 0.082970
198.283119 -51.511957 0.207467 -0.053823
187.359981 117.100908 0.195838 0.123098
-289.952044 -240.051164 -0.303795 -0.250987
170.037341 -87.297464 0.178275 -0.091657
38.630219 35.390574 0.040439 0.037012
-150.902007 52.125056 -0.158026 0.054548
-101.724509 -362.528123 -0.106506 -0.379439
193.140049 -4.165257 0.202746 -0.004501
-255.878367 64.105763 -0.267702 0.066866
51.616937 51.736714 0.053897 0.054505
204.770462 141.715939 0.214401 0.148573
-365.191112 -62.565965 -0.382281 -0.065254
-32.227656 -39.739419 -0.033838 -0.041528
5.270023 215.172902 0.005522 0.225029
72.467873 -120.759546 0.076159 -0.126376
63.349088 -93.638929 0.065832 -0.098202
-164.202054 27.311540 -0.172006 0.028191
-252.636870 99.478324 -0.264577 0.104256
-94.565966 465.315821 -0.098952 0.487309
-107.224924 293.157917 -0.112199 0.306805
-132.451641 103.198489 -0.138923 0.108203
-108.715538 -307.119991 -0.113985 -0.321641
127.885252 87.660255 0.133895 0.091803
-61.534376 36.243309 -0.064569 0.038182
-60.124801 -174.826551 -0.062992 -0.183197
-110.391210 9.121877 -0.115644 0.009357
-340.734751 36.711071 -0.356664 0.038286
308.649304 54.344161 0.323287 0.056679
57.086523 -62.162025 0.059692 -0.065446
31.478615 -129.342542 0.032938 -0.135440
-100.083063 74.149578 -0.104727 0.077850
196.475660 -507.215845 0.205704 -0.531114
-44.493442 353.416401 -0.046578 0.370012
65.243135 -24.293207 0.068296 -0.025570
-174.243848 73.547791 -0.182375 0.077077
-113.089931 -121.115178 -0.118540 -0.126386
173.851201 -229.965885 0.182172 -0.240935
58.809972 102.129069 0.061373 0.106826
-104.487718 -96.214940 -0.109716 -0.100676
314.397563 -150.050185 0.329300 -0.157056
51.310019 -175.061393 0.053881 -0.183425
78.526588 -62.786164 0.082108 -0.065920
107.180268 -229.571354 0.112441 -0.240562
46.431044 160.082286 0.048965 0.167527
183.966544 -136.374968 0.192801 -0.142864
-92.323464 11.951877 -0.097077 0.012668
10.223598 479.621616 0.010587 0.502433
38.285395 -119.463655 0.040173 -0.125069
-97.579845 5.243544 -0.102122 0.005746
236.726870 -120.959418 0.247837 -0.126500
339.595137 -26.536420 0.355929 -0.027535
216.576755 -114.759519 0.226922 -0.120547
-111.698678 194.633890 -0.117085 0.203770
396.801906 -315.241649 0.415292 -0.329925
-154.829876 40.631988 -0.162028 0.042481
-108.909561 57.931005 -0.114407 0.060551
177.324996 46.852362 0.185832 0.048609
-300.114633 -88.404328 -0.314275 -0.092561
147.368952 298.566525 0.154255 0.312880
-20.856169 481.728667 -0.021951 0.504328
264.277215 31.404770 0.276845 0.033004
209.066106 99.792589 0.219187 0.104132
25.551302 14.737773 0.026546 0.015440
-280.309475 -107.154527 -0.293640 -0.112417
268.378758 -102.186693 0.280982 -0.106842
-82.387110 -68.201362 -0.086240 -0.071372
-22.054644 183.248328 -0.023106 0.192360
268.078785 108.000017 0.280493 0.113299
106.872376 -211.252070 0.111714 -0.221308
-159.638732 -281.086999 -0.167382 -0.294569
114.900692 142.458884 0.120087 0.148634
-70.046751 132.815716 -0.073368 0.139297
127.416709 -312.765649 0.133934 -0.327764
-229.037414 -310.169802 -0.239822 -0.325112
-107.502828 -334.947834 -0.112840 -0.350903
251.045890 67.591127 0.263054 0.070571
221.213844 -107.536037 0.231682 -0.112589
301.150945 -41.349767 0.315017 -0.043467
156.503370 318.843651 0.164070 0.333559
-240.388756 111.071983 -0.252132 0.115973
184.373652 84.436388 0.193210 0.088367
90.850858 -36.725023 0.095225 -0.038613
144.913423 -0.404736 0.151800 -0.000507
-129.847807 -364.097696 -0.135819 -0.381309
310.122093 126.091566 0.324681 0.131917
-46.527427 73.101371 -0.048617 0.076640
-277.894432 -104.127263 -0.290888 -0.108872
103.561886 17.090437 0.108483 0.018023
316.993364 -323.179404 0.331935 -0.338555
-26.371411 -80.183598 -0.027674 -0.084105
165.601123 59.246162 0.173544 0.062138
-133.495371 28.820620 -0.140386 0.030293
229.716630 -142.506009 0.240521 -0.149294
241.149939 -68.366879 0.252600 -0.071357
-56.985585 -107.625384 -0.059937 -0.112432
-394.431827 186.921246 -0.412806 0.195847
-419.375033 67.697537 -0.439079 0.070884
-1.936827 113.164282 -0.002222 0.118148
54.402187 -48.626187 0.057131 -0.050929
-108.110178 61.479024 -0.113183 0.063992
543.815948 -208.290197 0.569645 -0.217654
131.955250 196.375224 0.138174 0.205510
97.577156 13.385826 0.101942 0.013732
40.435187 -403.003698 0.042051 -0.421713
-15.773794 -79.016574 -0.016494 -0.082936
-59.758340 -17.403099 -0.062478 -0.017860
-25.526535 -83.648134 -0.026477 -0.087591
-441.212754 96.003321 -0.461860 0.100232
72.930554 111.591810 0.076544 0.116511
56.973835 309.142071 0.059920 0.323384
-370.721085 -438.331317 -0.387805 -0.459067
-109.581437 -231.182747 -0.114828 -0.242175
-43.381380 244.469343 -0.045860 0.255995
2.564984 -185.710956 0.002861 -0.194453
-71.427851 353.228832 -0.074881 0.370179
-199.026669 285.016294 -0.208464 0.298329
79.110151 -187.915694 0.082957 -0.196571
-52.302658 373.826665 -0.054554 0.391575
-94.143247 -150.892539 -0.098840 -0.158378
-6.262221 123.754191 -0.006462 0.129404
-242.682794 -305.303867 -0.254410 -0.319316
-260.680114 227.493307 -0.272939 0.238219
-53.083528 88.700513 -0.055786 0.092580
91.295423 62.208396 0.095451 0.065296
45.719334 207.935017 0.048061 0.217581
181.480104 -46.626693 0.189810 -0.048478
-218.852556 -157.780003 -0.229128 -0.164949
-201.327072 36.183233 -0.210604 0.038031
-272.623409 -89.802000 -0.285357 -0.094095
151.604660 -187.139285 0.158446 -0.196117
133.834890 -208.614187 0.140096 -0.218425
-609.493035 120.504341 -0.638049 0.126000
-36.605350 160.697362 -0.038652 0.168394
157.506067 195.922867 0.165062 0.205072
59.904083 11.321392 0.062481 0.011911
311.135367 432.859620 0.325936 0.453281
-249.587075 -470.621231 -0.261482 -0.492494
0.380467 -14.436640 0.000420 -0.015117
178.636719 54.166441 0.186806 0.056859
-104.364941 232.838137 -0.109169 0.243363
-196.960427 412.410732 -0.206426 0.431695
12.236132 -54.856762 0.012486 -0.057591
92.019160 394.221227 0.095979 0.412637
-237.290577 -116.801704 -0.248765 -0.122394
-247.064444 278.326244 -0.258531 0.291337
117.259178 -282.161271 0.122544 -0.295529
-89.191373 1.415894 -0.093634 0.001746
137.180107 140.553804 0.143744 0.147304
222.276942 -61.067214 0.232815 -0.063596
-209.674199 228.574713 -0.219402 0.239352
-85.190081 -114.604948 -0.089228 -0.119748
-327.160276 19.024212 -0.342506 0.019583
73.176091 56.405255 0.076721 0.058925
92.884200 374.299451 0.097192 0.392205
-36.074856 -126.112492 -0.037754 -0.132069
-181.453568 101.586120 -0.190162 0.106217
-50.629455 -281.084463 -0.052916 -0.294178
73.567168 -65.719205 0.077266 -0.068659
-255.752359 -175.473641 -0.267665 -0.183940
23.105472 139.619103 0.024080 0.146312
156.245700 -157.870907 0.163731 -0.165624
125.092886 -291.225942 0.130896 -0.304575
-111.256931 125.624735 -0.116456 0.131641
-227.882707 28.391430 -0.238311 0.029497
33.908434 -214.625571 0.035153 -0.224648
16.470636 39.699275 0.017070 0.041456
38.911533 22.509221 0.040861 0.023519
-78.035841 -103.634822 -0.081683 -0.108394
-330.660946 36.730401 -0.346715 0.038707
184.381166 221.203794 0.193419 0.231756
-54.977046 2.369857 -0.057331 0.002466
-9.004911 -89.940497 -0.009833 -0.093610
238.014358 101.190070 0.249750 0.105898
81.498194 -46.354963 0.085348 -0.048399
-414.610673 419.458682 -0.433896 0.439178
7.051991 476.727596 0.007207 0.499132
-176.581870 244.656923 -0.184994 0.256385
90.061172 26.770663 0.094444 0.027975
337.502230 -58.271638 0.353562 -0.061112
10.134854 -53.797784 0.010971 -0.055955
-98.627838 -525.319299 -0.103102 -0.550119
537.169191 -102.815396 0.562321 -0.107377
-108.128854 114.555461 -0.113226 0.119982
-107.701541 547.088468 -0.112630 0.572649
-281.415474 -178.676223 -0.294884 -0.187442
201.438355 -303.550502 0.211058 -0.317906
-494.806378 9.473942 -0.517918 0.010291
-86.625265 264.680133 -0.090545 0.277345
255.069188 -212.746646 0.267266 -0.223036
148.641675 428.110915 0.155602 0.448412
-101.992899 5.233066 -0.106927 0.005622
-52.654549 440.548596 -0.055005 0.461475
113.273111 120.244886 0.118602 0.125746
225.940145 161.291395 0.236763 0.168941
-209.925124 122.136080 -0.219493 0.128080
-136.751818 -111.989659 -0.143186 -0.116928
286.409928 -374.389239 0.300209 -0.392162
-20.445653 -145.318919 -0.021110 -0.152154
-159.646878 -57.080544 -0.167323 -0.059547
-21.007053 -160.234456 -0.021947 -0.167687
110.578914 -157.633021 0.115898 -0.164894
57.728703 -113.772526 0.060790 -0.119287
-23.123639 91.746731 -0.024296 0.096219
268.766349 85.805673 0.280967 0.089816
-271.339191 26.217727 -0.283939 0.027601
-203.230034 13.594956 -0.213150 0.014515
208.517247 116.275543 0.218380 0.121952
-92.885257 -140.233721 -0.097380 -0.147199
148.922408 -110.013272 0.155872 -0.114980
-308.380354 105.311273 -0.322993 0.110478
307.896901 -82.170266 0.322470 -0.086274
-128.722238 -9.608226 -0.135065 -0.009820
10.117969 51.730381 0.010890 0.054577
-307.312900 -90.287214 -0.321627 -0.094469
639.530589 157.897316 0.669617 0.164975
-33.930784 -188.054840 -0.035797 -0.196902
22.883174 -126.773833 0.023790 -0.132737
190.338420 -109.736617 0.199123 -0.114835
132.131431 -301.684916 0.138379 -0.315594
34.789800 166.261568 0.036263 0.174264
-262.384621 -99.875535 -0.274601 -0.104305
-136.747440 160.541532 -0.143043 0.167946
83.380256 -30.658604 0.087179 -0.032327
54.886316 192.480909 0.057519 0.201520
299.637148 111.046198 0.313307 0.116297
209.077672 15.420690 0.219032 0.016076
-7.677550 -28.474064 -0.008090 -0.030056
-211.186575 249.084327 -0.221132 0.260719
171.989829 -83.453175 0.179963 -0.087245
191.579013 35.673360 0.200865 0.037389
-215.087456 149.668534 -0.224977 0.156673
-256.781637 -98.623916 -0.269113 -0.103288
291.606156 -151.631343 0.305570 -0.158885
-172.679457 -107.317390 -0.181307 -0.112113
17.127025 -95.531723 0.018176 -0.100002
5.464429 150.205765 0.005528 0.157448
-201.075499 -38.500364 -0.210578 -0.040038
54.094280 277.235145 0.056540 0.290033
-4.863908 37.406628 -0.005706 0.039138
-354.213985 -79.384106 -0.370922 -0.083275
-397.269194 -146.995351 -0.416032 -0.153850
-13.660553 10.328740 -0.014313 0.010940
534.582388 106.884700 0.560002 0.111735
13.086544 -6.475977 0.013918 -0.006933
74.102665 -99.230781 0.077923 -0.103707
253.512288 -21.269489 0.265134 -0.022216
112.097477 -115.489085 0.116987 -0.120960
-20.077347 293.445326 -0.021322 0.307363
103.585674 -19.126086 0.108460 -0.020226
-260.389471 -207.360384 -0.272478 -0.217101
116.502933 99.844480 0.122162 0.104609
88.587696 224.150065 0.092847 0.234825
-214.731079 -78.588173 -0.224979 -0.082023
117.258111 -56.485995 0.122941 -0.059444
-345.522732 -122.264113 -0.361959 -0.127902
10.356107 49.462710 0.010522 0.051566
224.411884 -19.048028 0.234731 -0.019924
-46.601398 -48.466738 -0.048746 -0.050565
-153.660767 240.942102 -0.161298 0.252141
-71.498714 -26.154032 -0.074839 -0.027553
-25.822945 148.992762 -0.026914 0.156120
246.868211 -182.081910 0.258897 -0.190623
-43.990050 -220.104353 -0.046024 -0.230653
-51.230034 -145.235576 -0.053697 -0.152447
92.767802 8.726201 0.096811 0.009239
-26.488138 291.026544 -0.027707 0.304744
309.749989 -314.843538 0.324240 -0.329781
207.137053 250.057725 0.217087 0.261743
180.574233 -146.892189 0.189353 -0.154095
-104.096308 -73.519280 -0.108743 -0.076838
-234.566034 353.168602 -0.245359 0.370043
-108.125808 282.780409 -0.113347 0.296131
383.066925 344.827322 0.401105 0.361036
-176.862349 346.869530 -0.185452 0.362964
244.041644 -19.401625 0.255653 -0.020212
48.897487 -109.557008 0.051116 -0.114721
-28.904936 238.006361 -0.030452 0.249396
-90.641609 57.005929 -0.095034 0.059725
149.127384 59.681863 0.156257 0.062491
27.979006 -8.798215 0.029327 -0.009169
154.427137 437.546689 0.161747 0.458568
-80.171194 153.708340 -0.084246 0.160802
230.923009 -159.654578 0.241668 -0.166873
383.748946 -123.112221 0.401945 -0.129446
-366.923759 -93.921374 -0.383895 -0.098432
169.572304 121.778600 0.177460 0.127407
89.758819 -259.840633 0.093840 -0.272394
-26.197560 15.707101 -0.027190 0.016362
-428.452105 36.267126 -0.448858 0.037965
-68.576262 56.080480 -0.071731 0.058817
-97.558766 364.037517 -0.102265 0.381339
172.352248 -39.513335 0.180412 -0.040886
9.560316 45.767560 0.010158 0.048163
235.406461 145.537460 0.246313 0.152614
127.640278 72.795493 0.133476 0.076138
-60.703238 388.473785 -0.063233 0.406463
-137.822309 5.102464 -0.144646 0.004989
-19.308450 -50.589629 -0.020115 -0.052977
-95.387192 8.144722 -0.099760 0.008754
38.889219 484.761282 0.040491 0.507271
184.032295 -16.313264 0.192753 -0.017180
146.084194 -192.798429 0.152522 -0.202299
123.258566 111.287582 0.129004 0.116413
-172.821229 114.457582 -0.180797 0.119915
394.572907 184.743823 0.413489 0.193087
197.743468 175.386119 0.206720 0.183943
-218.109971 -38.174331 -0.228390 -0.040204
-2.892638 169.933637 -0.003081 0.178066
-404.160555 45.073047 -0.423436 0.047011
-62.055114 -192.504883 -0.065421 -0.201244
91.254917 -69.386278 0.095419 -0.072403
152.794901 120.007648 0.159950 0.126149
70.534180 -29.543617 0.073764 -0.030798
244.585380 -389.713518 0.256430 -0.408246
-50.483773 -43.707206 -0.052701 -0.044940
-226.584439 345.808526 -0.237090 0.362096
-70.467846 -42.475155 -0.073517 -0.044588
118.217665 283.643022 0.124072 0.296951
-25.847285 -132.695879 -0.027066 -0.138673
442.397831 236.946273 0.463196 0.248014
-397.372512 24.585482 -0.415966 0.026056
97.914740 -54.791958 0.102722 -0.057155
115.500190 123.554108 0.120838 0.129046
-280.531103 230.346061 -0.294060 0.241144
128.282190 -52.381067 0.133988 -0.054474
328.764831 -145.534548 0.344487 -0.152536
-399.061392 33.103273 -0.417696 0.034681
-313.260056 12.712074 -0.327932 0.013453
42.393791 8.793398 0.044525 0.009243
-265.312581 -78.070593 -0.277980 -0.081837
6.207465 -73.134122 0.006325 -0.076621
-46.293493 34.851046 -0.048407 0.036602
47.294604 132.115000 0.049627 0.138477
110.534415 406.332693 0.115896 0.425874
181.669498 -265.083444 0.190444 -0.277914
164.896071 -1.557010 0.172557 -0.001789
8.385413 -40.072876 0.008651 -0.041997
41.947777 -141.243269 0.043858 -0.147836
87.139787 -189.646834 0.091272 -0.198572
-169.653096 -179.779583 -0.177434 -0.188194
46.687085 -51.094623 0.048670 -0.053349
41.440257 -128.518932 0.043414 -0.134637
288.359441 241.435890 0.301853 0.252755
-293.073821 184.312633 -0.307254 0.193089
44.226145 135.455615 0.046547 0.141869
481.741450 32.608305 0.504447 0.033880
100.261526 273.394843 0.104794 0.286781
-155.157789 -238.504978 -0.162472 -0.249570
-346.805623 -121.457844 -0.363202 -0.127090
-178.168714 -59.568331 -0.186525 -0.062420
-156.844890 50.667702 -0.163788 0.053162
80.387445 126.993571 0.084364 0.132899
-228.178157 211.983261 -0.239394 0.222166
-133.055408 -3.183207 -0.139558 -0.003184
217.965326 43.908250 0.228386 0.046010
3.508008 230.523503 0.003754 0.241463
46.643712 24.417125 0.049199 0.025805
117.210863 -232.482770 0.123050 -0.243642
-8.592020 154.523079 -0.009270 0.161705
-93.453277 -326.491058 -0.097930 -0.341546
-100.699774 473.613199 -0.105189 0.495849
-170.400069 -220.747385 -0.178535 -0.231235
-103.786871 3.167867 -0.108406 0.003518
-22.353522 109.651396 -0.023351 0.114573
-145.714708 190.947472 -0.152551 0.200279
-79.183582 160.530397 -0.083010 0.168004
-83.372907 -25.486224 -0.087268 -0.026677
-175.788063 -74.550222 -0.184112 -0.077811
-114.861939 -264.411284 -0.120061 -0.276801
-193.434384 200.585202 -0.202187 0.210220
134.315035 -175.280137 0.140954 -0.183622
-46.549282 -243.082726 -0.048730 -0.254430
-60.037087 173.920970 -0.063068 0.181826
-147.564548 104.409604 -0.154601 0.109649
-71.999709 -301.136407 -0.075270 -0.315277
-268.169506 -235.485912 -0.280849 -0.246608
52.307227 105.273007 0.054913 0.110116
164.082292 -61.701607 0.171537 -0.064722
-299.672247 -165.211195 -0.313812 -0.172952
368.063289 -252.276246 0.385710 -0.264145
-47.305385 -22.247656 -0.049660 -0.023122
-50.487398 -12.310175 -0.052929 -0.013066
275.618947 279.643063 0.288817 0.292740
183.003330 481.779376 0.191831 0.504904
-59.188981 -121.192346 -0.062194 -0.127288
226.157364 -277.909976 0.236821 -0.291220
-571.159780 234.533028 -0.598304 0.245291
-59.062258 66.587513 -0.061799 0.069830
-107.193210 -25.218861 -0.112001 -0.026486
-214.281813 -166.124473 -0.224387 -0.174178
21.578630 -41.662028 0.022643 -0.043666
-437.916778 103.032062 -0.458840 0.107948
-147.345666 -338.341260 -0.154288 -0.354501
-329.470050 -207.868446 -0.344869 -0.217634
23.684467 156.450802 0.024966 0.163485
141.916374 -14.810979 0.149012 -0.015898
-305.589985 474.290303 -0.320221 0.496547
187.687001 184.509210 0.196503 0.193036
-265.964601 -250.410122 -0.278582 -0.262221
239.605730 -107.104089 0.250540 -0.111954
278.756825 -244.331973 0.291597 -0.256157
-89.598157 127.075790 -0.094056 0.133256
-162.510380 -22.890105 -0.170222 -0.024328
-289.404782 -64.250931 -0.302904 -0.066970
124.898792 -85.559848 0.130706 -0.089483
-78.796262 -142.931293 -0.082279 -0.149425
-114.681322 -271.994592 -0.120219 -0.285237
0.539355 -145.039786 0.000480 -0.152175
491.928395 20.234682 0.515027 0.020757
-9.204719 -70.149934 -0.009717 -0.073402
-214.997238 -50.155319 -0.225269 -0.052668
82.284621 77.930597 0.085817 0.081780
69.640805 -207.529518 0.072884 -0.217132
-134.545921 -113.883613 -0.140899 -0.119486
-29.130019 -34.605713 -0.030318 -0.036471
149.212957 -268.789583 0.156051 -0.281447
-42.050141 -106.378532 -0.043898 -0.111574
-83.948347 -385.497539 -0.087733 -0.403502
-310.793609 -108.149060 -0.325345 -0.113501
250.056409 170.096801 0.261637 0.178260
124.440270 92.468808 0.129644 0.096567
198.918896 -91.807883 0.208349 -0.096462
256.088523 119.349806 0.268087 0.125354
240.609943 267.251321 0.251568 0.279596
139.589403 -278.194502 0.145996 -0.291207
-433.299504 90.320889 -0.453768 0.094170
254.780834 -56.533178 0.266634 -0.059090
140.469769 115.163242 0.147342 0.120540
-41.314464 122.811455 -0.043322 0.128418
36.620629 54.390754 0.038240 0.056766
175.692876 -179.780451 0.183735 -0.188384
190.569941 90.102721 0.199576 0.094699
94.158128 -14.665603 0.098253 -0.014940
-205.165530 42.504497 -0.214671 0.044722
146.492996 -76.141927 0.152945 -0.079677
-143.027771 198.387999 -0.149185 0.207700
-75.637280 -459.717682 -0.079237 -0.481387
-399.422819 -291.617886 -0.418150 -0.305347
-227.242959 489.910422 -0.237611 0.512879
37.163647 -98.545719 0.038809 -0.103128
269.608488 -177.408308 0.282222 -0.185638
79.747178 21.032897 0.083631 0.022174
-64.014196 24.603366 -0.066934 0.026100
-77.943329 -177.230994 -0.081750 -0.185584
150.249926 -94.279903 0.157316 -0.098803
-160.226748 -162.650676 -0.167856 -0.170154
-150.143017 4.358948 -0.157675 0.004865
149.828299 8.257096 0.156658 0.008740
231.531237 141.045034 0.242370 0.147675
-221.367956 56.574267 -0.231823 0.059335
-75.579713 196.614494 -0.079456 0.206203
103.211389 -65.783797 0.108265 -0.068660
119.305115 51.638552 0.125110 0.054175
-222.765775 31.680650 -0.233530 0.033090
214.696973 -401.343182 0.224500 -0.420230
132.517693 -226.763431 0.138563 -0.237382
-324.115277 -139.173161 -0.339372 -0.145556
-116.374826 58.177652 -0.121777 0.060925
197.059647 -128.914345 0.206317 -0.135098
21.975076 -253.369531 0.022971 -0.265756
43.325823 45.990063 0.045286 0.048125
-161.912860 -517.107444 -0.169546 -0.541172
-350.036015 48.945549 -0.366589 0.051416
-269.083435 -73.585161 -0.281522 -0.077085
-69.079608 18.572657 -0.072734 0.019357
-56.839677 -12.913634 -0.059054 -0.013647
358.678257 1.883587 0.375345 0.001913
-268.404128 48.990748 -0.280885 0.051553
-36.536162 220.370257 -0.038054 0.231262
153.478873 -94.216663 0.160631 -0.098496
119.228850 213.640865 0.124573 0.223604
-60.761881 260.886840 -0.063447 0.273144
-98.638099 -302.492368 -0.103267 -0.316714
120.265301 122.881110 0.126050 0.128401
-275.344841 242.658852 -0.288563 0.254190
-254.321321 269.897365 -0.266311 0.282700
5.592304 -339.387410 0.005469 -0.355568
160.528939 -302.138549 0.167892 -0.315969
107.137262 108.898911 0.112116 0.113813
1.093831 289.219955 0.001153 0.302649
282.793878 160.194461 0.296134 0.167700
-146.218185 289.359137 -0.153280 0.303177
-23.430100 -28.384583 -0.024423 -0.029422
237.983770 -174.190934 0.249308 -0.182535
81.139885 -225.640071 0.085184 -0.236047
-69.771536 -280.296228 -0.073025 -0.293699
-220.935771 -62.730240 -0.231453 -0.065750
43.288299 57.071123 0.045719 0.059975
-282.859751 -18.083676 -0.296527 -0.018966
-265.714771 -366.828738 -0.278121 -0.384062
43.674240 -260.064031 0.045768 -0.272560
225.406840 -72.060621 0.235997 -0.074788
16.020408 -195.357338 0.016549 -0.204602
128.437246 103.872157 0.134524 0.109003
252.735266 178.863634 0.264482 0.187482
99.910310 -160.924416 0.104976 -0.168496
56.002303 -183.299230 0.058574 -0.191729
7.890845 -131.250494 0.008415 -0.137354
-308.401015 -280.940485 -0.323127 -0.294078
208.335534 119.774750 0.217728 0.125519
112.171064 50.670767 0.117327 0.053184
170.344118 -80.123254 0.178075 -0.083893
83.332224 41.700533 0.087296 0.043399
-149.705815 40.823229 -0.156711 0.042658
-0.309300 -141.721607 -0.000285 -0.148239
-174.566703 -131.998283 -0.182637 -0.137927
-33.176912 143.083141 -0.034691 0.149752
-230.897865 -262.023980 -0.241920 -0.274257
23.536739 232.432707 0.024814 0.243313
98.234702 -197.568711 0.102931 -0.206780
-56.869487 49.662788 -0.059565 0.051925
-19.286440 -189.029007 -0.020107 -0.197667
68.335411 191.718589 0.071891 0.200681
372.938413 137.265139 0.390743 0.143673
-35.192421 -57.036664 -0.037028 -0.059472
-90.512822 64.353934 -0.094514 0.067271
42.398705 -331.696312 0.044392 -0.347249
46.758426 -16.846585 0.048936 -0.017799
83.647773 -41.849835 0.087474 -0.044157
-47.779290 24.376525 -0.050262 0.025429
-6.291981 189.611118 -0.006842 0.198485
62.783229 -137.633269 0.065540 -0.144355
217.208119 205.603743 0.227388 0.215447
120.701811 224.693319 0.126235 0.235273
-279.818327 200.839055 -0.292904 0.210392
64.269275 -398.909085 0.067473 -0.417717
-12.520525 -417.627745 -0.012540 -0.437548
-21.715562 212.611090 -0.023067 0.222356
-115.817542 -62.050367 -0.121512 -0.065092
168.008907 -379.028266 0.175936 -0.397133
-80.895585 38.609849 -0.084625 0.040305
-165.944885 -51.707798 -0.173988 -0.053938
15.861372 -123.936189 0.016609 -0.129817
96.586807 -173.156078 0.101506 -0.181281
179.964053 61.150335 0.188467 0.063871
60.704327 -47.812377 0.063658 -0.049757
158.703238 164.039908 0.166078 0.171979
198.291093 -20.609326 0.207449 -0.021524
147.992926 -233.161580 0.155304 -0.244203
155.086213 5.127478 0.162330 0.005253
131.675494 -14.256129 0.137927 -0.014865
-236.894294 -247.679619 -0.248098 -0.259698
-96.009924 110.700578 -0.100312 0.115898
-363.320662 -200.453070 -0.380416 -0.209557
-0.702769 64.848691 -0.000530 0.067921
31.664354 158.810684 0.033360 0.166228
85.724559 161.208133 0.089791 0.168751
-62.003456 -98.319678 -0.064805 -0.103095
-40.246920 -108.072613 -0.042208 -0.113266
5.681719 9.411496 0.005753 0.009965
304.756186 164.141642 0.319230 0.171539
168.116918 499.626006 0.176336 0.523337
17.141368 161.713923 0.017978 0.169581
10.119618 256.663155 0.010524 0.268958
-79.257535 116.807116 -0.083072 0.122360
-386.956865 48.730206 -0.405173 0.051059
-18.193613 14.019975 -0.019485 0.014448
58.363237 -442.454867 0.061086 -0.463076
174.001112 -318.556413 0.182221 -0.333942
-60.791608 158.733964 -0.063511 0.166139
61.956115 -67.967838 0.064927 -0.071318
-100.636276 152.707967 -0.105422 0.159885
-128.123336 -221.241010 -0.134265 -0.231518
145.016405 -131.444225 0.151776 -0.137720
-98.616348 152.488745 -0.103695 0.159806
158.801702 -126.463658 0.166255 -0.132464
-94.363587 -269.916867 -0.098850 -0.282837
-450.249567 -103.924336 -0.471503 -0.108846
102.886914 -109.851440 0.107920 -0.114848
295.570964 -235.720056 0.309964 -0.246718
-112.424477 26.618662 -0.117490 0.028024
14.311337 23.410002 0.014742 0.024228
-148.359205 -392.840522 -0.155322 -0.411429
-114.559433 303.374249 -0.120052 0.317329
56.928188 -200.870500 0.059652 -0.210574
143.604679 71.261747 0.150534 0.074833
-74.541408 259.972632 -0.078150 0.272520
249.248210 -46.197984 0.261087 -0.048354
-14.975236 -175.300557 -0.015352 -0.183626
308.328421 139.474893 0.323214 0.146150
-128.023677 -362.202691 -0.133878 -0.379198
-70.334639 129.289189 -0.073422 0.135415
-126.905984 -291.455092 -0.133261 -0.305296
22.097577 110.130384 0.023334 0.115072
-61.677705 36.466249 -0.064886 0.037632
-124.630415 15.449141 -0.130649 0.016057
-245.115703 244.876681 -0.256870 0.256520
-434.908939 -187.621962 -0.455318 -0.196612
203.894527 70.749782 0.213651 0.074079
-11.746878 -326.239497 -0.012314 -0.341358
136.902046 321.897344 0.143509 0.337160
307.263715 461.046791 0.321688 0.482971
180.393891 -13.170844 0.188850 -0.013918
66.347416 226.971158 0.069245 0.237645
221.230148 -157.113154 0.231480 -0.164185
186.099753 -216.150375 0.194597 -0.225993
20.125902 -77.999066 0.021095 -0.081945
41.191187 103.718533 0.043210 0.108499
289.282566 -18.630813 0.302888 -0.019640
-236.962390 -101.808106 -0.248319 -0.106374
-85.129343 42.206224 -0.089459 0.044282
-109.799251 -343.047708 -0.114882 -0.359257
-30.117794 354.563369 -0.031589 0.371368
-238.019912 -0.125934 -0.249098 -0.000422
-95.313162 303.749680 -0.099679 0.317717
-251.394773 161.419624 -0.263056 0.168495
-156.499406 -52.786804 -0.163885 -0.055320
-321.786321 -75.782223 -0.336896 -0.079089
230.750476 143.000332 0.241795 0.149815
-76.300023 -83.548978 -0.080156 -0.087769
-85.478121 -14.249827 -0.089564 -0.014982
-51.575926 36.281819 -0.053991 0.037856
-25.816404 158.441581 -0.027024 0.165980
66.823299 -38.028343 0.070185 -0.039695
-7.167776 -108.662578 -0.007497 -0.113723
95.199245 -60.639577 0.099840 -0.063380
-78.044323 -355.558412 -0.081583 -0.372607
-362.083011 147.243611 -0.379126 0.154183
-419.729317 -222.861317 -0.439494 -0.233034
-24.224264 217.595688 -0.025233 0.227934
-68.165981 78.404873 -0.071466 0.082101
-15.321589 101.195640 -0.015896 0.106089
87.255652 -147.857856 0.091357 -0.155299
-50.728787 -0.943600 -0.053084 -0.001243
345.541421 -374.829016 0.361710 -0.392450
169.898433 -117.145393 0.177394 -0.123144
458.963858 264.672166 0.480292 0.277008
-62.906015 121.759081 -0.065694 0.127617
-72.183158 29.023470 -0.075498 0.030649
-47.776162 115.333142 -0.050212 0.120829
-93.352737 -99.043849 -0.097766 -0.103778
-62.010757 -168.970389 -0.065257 -0.177042
-79.179882 -180.888240 -0.082726 -0.189709
-136.534187 -9.942491 -0.142632 -0.010161
36.025088 -90.280000 0.037832 -0.094713
411.972686 396.803294 0.431580 0.415304
2.823651 -81.441461 0.002919 -0.085414
131.949476 -91.801934 0.138010 -0.096383
40.645824 -164.773140 0.042273 -0.172516
54.983546 -187.368913 0.058007 -0.195869
174.562030 230.317692 0.182554 0.241204
-326.425526 169.386740 -0.341928 0.177015
133.445603 68.215140 0.139850 0.071686
219.268006 193.667736 0.229844 0.202712
-135.461136 -48.798984 -0.141751 -0.051009
44.403754 -71.126740 0.046500 -0.074251
-133.226558 140.200316 -0.139486 0.146256
-123.900843 201.457574 -0.129616 0.210920
86.490491 160.456761 0.090527 0.167622
94.607801 -271.934584 0.099356 -0.284736
-164.110217 -382.536293 -0.172159 -0.400627
97.581412 -39.298339 0.102055 -0.040748
-141.268599 -25.265789 -0.147545 -0.026678
411.985715 -186.409686 0.431171 -0.194736
86.961285 -87.088663 0.090981 -0.091491
141.638601 133.332611 0.148470 0.139702
-257.871662 115.275342 -0.270193 0.120570
-269.221431 -19.422953 -0.281680 -0.020381
130.980061 -59.151133 0.137221 -0.061759
-288.225875 -47.635684 -0.301559 -0.049980
-6.903939 159.958386 -0.007559 0.167206
-121.075062 -59.821999 -0.126809 -0.062800
-436.989795 107.397558 -0.457646 0.112561
135.077738 227.744387 0.141562 0.238211
-200.442872 -107.870718 -0.209796 -0.112936
-107.848943 -53.519212 -0.113195 -0.056302
244.864977 -169.323399 0.256368 -0.177026
-22.850385 -398.939716 -0.024070 -0.417677
26.091980 36.353872 0.027476 0.038223
-46.446527 -163.809342 -0.048559 -0.171656
-219.864885 -224.921874 -0.230061 -0.235690
-120.492960 360.078292 -0.125878 0.377086
-149.817318 78.614290 -0.156905 0.082216
142.921463 -138.366496 0.149737 -0.145269
-104.286869 78.344791 -0.108920 0.082267
310.636039 213.269890 0.325644 0.223466
-76.197380 17.771810 -0.080144 0.018468
-23.805469 450.711124 -0.024796 0.471918
64.062616 79.311298 0.067004 0.082954
-296.463665 79.911091 -0.310720 0.083862
325.101249 100.730805 0.340779 0.105519
-52.115952 0.388865 -0.054718 0.000323
-16.593216 62.793770 -0.017161 0.065706
226.279444 40.440345 0.236358 0.042280
23.040911 -105.642224 0.023941 -0.110755
251.008494 361.163845 0.263129 0.378069
-239.841854 -330.688366 -0.251181 -0.346117
-200.112078 1.109575 -0.209463 0.001116
34.789567 -351.871959 0.036469 -0.368459
144.582364 -62.417444 0.151125 -0.065133
-67.832560 -441.403625 -0.071264 -0.462252
27.614598 194.648612 0.029009 0.203767
263.634646 281.367723 0.275932 0.294720
-89.576566 -9.928546 -0.093752 -0.010131
-190.481689 -73.502554 -0.199253 -0.077054
402.756804 51.910401 0.421699 0.054337
-10.822034 51.612010 -0.011166 0.054288
314.969009 -327.130599 0.329797 -0.342714
-138.304223 -96.349044 -0.144659 -0.100757
-33.522422 71.376650 -0.035081 0.074555
-137.495466 331.486316 -0.143886 0.347345
204.316495 186.124854 0.213925 0.195284
251.641440 -244.484418 0.263542 -0.256049
-17.433784 -353.346747 -0.018299 -0.369644
-15.936601 -83.099915 -0.016365 -0.087274
-284.994114 91.261901 -0.298520 0.096174
205.373311 249.737787 0.214897 0.261386
70.969440 144.400969 0.074009 0.151405
-117.414474 226.231403 -0.122985 0.236956
-11.656935 -89.272080 -0.012050 -0.093742
6.330108 106.669992 0.006497 0.111336
-8.936311 365.068828 -0.009260 0.382177
325.849069 262.475744 0.341257 0.274792
94.678852 -11.670086 0.098981 -0.012276
-163.710674 -205.764246 -0.171432 -0.215729
328.707064 -86.262575 0.344371 -0.090333
150.534140 -92.522385 0.157976 -0.097110
-41.965199 60.757670 -0.043792 0.063745
-242.983506 212.436802 -0.254716 0.222540
-65.764794 218.359950 -0.069109 0.228466
296.188716 -116.005027 0.310457 -0.121542
116.229971 -340.483138 0.121570 -0.356706
-14.361811 -278.704526 -0.015095 -0.291613
-72.041803 -484.791300 -0.075568 -0.507481
-16.192622 333.967966 -0.017226 0.349339
104.802961 0.010621 0.110208 -0.000295
-244.012247 -35.486890 -0.255346 -0.036826
17.388108 -218.280742 0.018351 -0.228618
378.577325 -90.773750 0.396458 -0.094986
57.078475 192.552838 0.059542 0.202080
92.886377 100.244025 0.097149 0.104870
4.354776 -45.654686 0.004893 -0.047817
26.710040 -4.562394 0.027962 -0.004834
-172.905811 113.837439 -0.180946 0.118976
264.507251 178.191373 0.277113 0.186477
231.605401 -358.159617 0.242725 -0.374997
207.413557 127.977265 0.216637 0.133996
545.944760 -205.838323 0.571542 -0.215348
-103.856988 166.214818 -0.108561 0.174264
277.119455 284.537583 0.289969 0.297677
-183.660499 -377.501435 -0.192071 -0.395223
-266.522796 2.071423 -0.279387 0.002311
161.797919 -185.602976 0.169220 -0.194485
178.040878 -224.730927 0.186493 -0.235372
-114.672830 43.580701 -0.119956 0.045746
-284.139076 -307.275897 -0.297400 -0.321692
55.419029 -42.538346 0.058126 -0.044325
-107.402299 81.473027 -0.112033 0.085591
-138.238158 -313.326051 -0.145021 -0.327727
-157.875272 -14.102150 -0.165299 -0.014830
122.039251 105.660301 0.127801 0.110529
-396.411874 5.220333 -0.415251 0.005102
72.153600 111.297165 0.075623 0.116487
1.180656 -168.965545 0.001525 -0.176880
140.928780 40.736609 0.147856 0.042736
159.348995 180.129515 0.166768 0.188781
1.162239 -93.928914 0.000973 -0.098675
-169.554870 -52.333172 -0.178092 -0.054825
229.914251 106.529119 0.240407 0.111784
339.044622 324.067247 0.355293 0.339434
140.807919 155.978320 0.147545 0.163197
-73.605479 47.883999 -0.076808 0.049820
-202.672001 -94.030862 -0.212195 -0.098264
-268.475032 37.726606 -0.281268 0.039092
72.943656 -135.717256 0.076214 -0.141994
-307.603144 169.589607 -0.321882 0.177688
-135.786838 -53.209635 -0.142179 -0.055593
19.957113 -3.849561 0.020974 -0.004050
-44.297372 -45.351659 -0.046302 -0.047716
4.382935 23.171855 0.004483 0.024607
-209.440509 -13.407825 -0.219155 -0.014013
-159.603392 -151.061245 -0.167240 -0.158431
-230.815290 -111.113053 -0.242188 -0.116373
159.254027 104.485166 0.166946 0.109662
42.501735 307.950277 0.044769 0.322375
139.550575 -275.920097 0.145877 -0.289100
100.528020 372.201924 0.105446 0.389754
237.534454 104.076345 0.248916 0.109115
-69.161297 -199.715096 -0.072401 -0.209158
-141.790412 178.057493 -0.148789 0.186627
125.772384 40.186646 0.131832 0.041720
-193.491408 201.087204 -0.203016 0.210603
40.142492 -94.328019 0.041580 -0.098657
155.274781 -234.250745 0.162474 -0.245089
-101.000936 251.844342 -0.105672 0.263611
-215.497819 -80.747592 -0.225518 -0.084688
-360.118885 40.287172 -0.376971 0.042189
-156.189168 202.398230 -0.163507 0.211913
152.964557 -130.732119 0.159862 -0.136891
184.060466 -38.059538 0.192944 -0.039576
-343.260601 -451.028953 -0.359217 -0.472481
249.372936 -114.293249 0.260908 -0.119584
19.477603 202.052818 0.019829 0.211581
-449.893070 -95.903989 -0.470853 -0.100050
-27.188171 213.808940 -0.028502 0.223648
-117.077739 -46.649909 -0.122486 -0.048969
31.914913 -132.958787 0.033274 -0.139564
83.375505 -101.387192 0.087319 -0.105913
-68.328162 -4.587815 -0.071784 -0.004950
-151.535002 -67.467869 -0.158668 -0.070724
-195.345460 -449.172599 -0.204497 -0.470433
316.905637 211.689556 0.331535 0.221635
69.152184 359.665890 0.072274 0.376464
-159.138293 -249.985887 -0.166375 -0.261612
163.045369 77.887307 0.170845 0.081452
174.282884 -161.467870 0.182526 -0.169369
365.180261 -260.675173 0.382378 -0.272714
111.182801 -157.070075 0.116666 -0.164416
103.452313 -67.953401 0.108592 -0.070815
161.540614 154.165351 0.168868 0.161216
-259.168029 -105.891539 -0.271316 -0.111048
-84.004399 26.290123 -0.087667 0.027465
138.813145 244.691496 0.144987 0.256223
174.382326 32.275714 0.182456 0.033633
8.012632 -9.465294 0.008407 -0.010082
289.674606 -292.353418 0.303439 -0.306128
230.913810 68.798889 0.241925 0.071854
-1.601659 135.797556 -0.001764 0.142294
27.900075 47.304752 0.029362 0.049228
23.086247 272.690303 0.024285 0.285727
391.674414 45.009898 0.410023 0.047494
-92.436136 -112.148937 -0.096955 -0.117497
-186.713021 291.990241 -0.195491 0.305680
270.546542 -0.213707 0.283069 0.000293
-68.810979 -152.482396 -0.072059 -0.159432
-41.589697 -90.237324 -0.043680 -0.094515
297.850464 495.040375 0.311983 0.518358
136.332046 -237.385235 0.142839 -0.248797
-345.972227 -84.085099 -0.362219 -0.087878
-298.418027 104.712468 -0.312361 0.109434
104.670419 -22.104278 0.109339 -0.022933
330.269342 -94.287683 0.346100 -0.098779
248.302969 -176.534620 0.260030 -0.184929
461.735747 29.264692 0.483373 0.030431
-111.016160 -178.874943 -0.116029 -0.187379
-3.586668 89.543720 -0.004008 0.093876
203.366701 372.668600 0.213017 0.390629
99.462421 96.129933 0.104471 0.101046
-368.133235 -181.068833 -0.385537 -0.189405
1.790122 -240.388839 0.002159 -0.251705
106.193678 3.475831 0.111442 0.003998
511.464926 -213.713329 0.535340 -0.224135
162.832201 -38.610220 0.170406 -0.040301
-82.352828 -242.773216 -0.086120 -0.254366
25.999258 -27.687259 0.027224 -0.029741
262.492720 -267.201385 0.274890 -0.279861
-8.361601 -257.845179 -0.008479 -0.270043
-97.626131 180.061795 -0.101939 0.188931
-435.193085 -117.723650 -0.455535 -0.123488
-144.346360 -52.075078 -0.150955 -0.054575
-23.975274 214.023928 -0.025414 0.223880
5.441431 -99.399735 0.005717 -0.103942
188.564914 -273.966428 0.197262 -0.287206
76.483204 -90.641051 0.079935 -0.094667
109.515138 -177.313881 0.114497 -0.185595
172.352787 206.920510 0.180742 0.216756
-394.245282 -246.202773 -0.412633 -0.257779
123.442798 -327.073595 0.129531 -0.342531
-150.206508 219.717737 -0.157524 0.230537
145.475422 131.125506 0.152675 0.137117
-82.546806 3.896260 -0.086872 0.004552
-66.892827 -209.997644 -0.069998 -0.220127
-26.726527 373.511865 -0.027870 0.391362
-127.300211 -210.675050 -0.133138 -0.220474
59.196065 196.088281 0.061909 0.205159
-217.978413 -103.535508 -0.228120 -0.108383
285.600728 74.660461 0.299194 0.077935
-285.164828 -120.782317 -0.298778 -0.125912
-69.918763 49.972918 -0.072995 0.052028
-13.378501 24.325240 -0.014035 0.025445
-119.325910 2.196575 -0.124881 0.001964
302.363650 -107.576648 0.316538 -0.112744
-116.501242 166.013752 -0.121914 0.174012
-281.255320 143.767779 -0.294482 0.150486
-128.402416 395.617068 -0.134551 0.414454
-198.400495 -53.909429 -0.207826 -0.056567
-82.801396 -157.757301 -0.086374 -0.165207
-98.008695 111.608275 -0.102425 0.116941
55.768423 147.438317 0.058395 0.154269
14.255094 112.756377 0.014971 0.117911
198.918330 -214.963356 0.208521 -0.225051
-245.560768 66.553343 -0.256957 0.069686
-265.797949 64.405726 -0.278512 0.067187
-264.881564 -44.347440 -0.277284 -0.046499
-104.350642 -169.127759 -0.108887 -0.177170
-532.977279 290.954982 -0.557926 0.304561
291.268527 237.860479 0.305231 0.248954
-144.095606 262.319524 -0.150677 0.274613
248.775534 -86.956055 0.260409 -0.091677
-23.647856 -355.575233 -0.024439 -0.371901
93.688767 11.915754 0.098272 0.012233
-398.561722 127.753398 -0.416913 0.133777
55.550108 -92.723371 0.058243 -0.097296
-209.329836 71.497216 -0.219022 0.074744
-129.131845 278.788808 -0.134998 0.292031
-80.043151 72.619828 -0.083395 0.075906
-433.435174 -101.646616 -0.454051 -0.106533
27.569058 33.560585 0.028943 0.035121
-283.101256 12.713333 -0.296537 0.013555
-60.002490 356.165905 -0.062908 0.372872
23.781590 189.361014 0.024775 0.198678
-256.243126 -320.077544 -0.268668 -0.334919
296.485516 -360.962985 0.310446 -0.377971
59.527215 263.927639 0.062476 0.276652
-25.138349 32.056079 -0.026504 0.033658
-216.613930 39.329131 -0.226879 0.041031
94.592624 -100.349050 0.099189 -0.104950
239.187828 -165.831476 0.250209 -0.173603
-88.917900 -13.153908 -0.093267 -0.013307
-171.444147 -11.162702 -0.179113 -0.011558
-102.206506 225.785718 -0.107248 0.236626
-30.888614 -123.757741 -0.032521 -0.129446
-24.858252 53.662325 -0.026409 0.055864
-12.361907 9.891899 -0.012822 0.010234
31.779044 385.811963 0.033328 0.403804
-266.583658 51.718618 -0.279276 0.054494
-184.154122 -86.603775 -0.192624 -0.090517
-511.970771 -69.611387 -0.536201 -0.072890
18.674155 112.131729 0.019648 0.117341
-152.388278 124.202198 -0.159409 0.129908
-99.601156 -57.030739 -0.104401 -0.059912
228.910119 120.819089 0.239723 0.126578
20.763990 198.962277 0.021794 0.208186
173.392843 -370.955366 0.181360 -0.388846
-230.104023 199.226297 -0.240681 0.208558
119.442224 -57.404206 0.124982 -0.060387
-221.375523 39.260063 -0.231986 0.041366
-26.572318 31.254007 -0.028141 0.032941
23.991677 23.328481 0.025036 0.024330
128.366774 -141.841775 0.134421 -0.148406
121.858695 -22.680121 0.127208 -0.023737
-392.890202 -163.111980 -0.411394 -0.170340
-177.919489 63.232173 -0.186442 0.066197
-347.661546 -187.555607 -0.364286 -0.196489
-301.418826 19.695954 -0.315568 0.020282
-249.661249 -164.242514 -0.261425 -0.172285
-78.756481 36.702173 -0.082791 0.038373
62.768783 -6.095157 0.065937 -0.006290
-155.888108 -109.958173 -0.163538 -0.115230
168.667320 55.052808 0.176588 0.057692
-304.187957 192.223285 -0.318542 0.200922
107.540652 115.243319 0.112799 0.120895
89.594754 -344.299278 0.094140 -0.360400
-352.602938 -19.257859 -0.369332 -0.020250
97.283785 -107.007831 0.101568 -0.111771
-230.341678 120.063083 -0.241092 0.126036
-85.977164 -143.117814 -0.089914 -0.149736
-156.437817 -206.967604 -0.163694 -0.216209
79.370209 156.342974 0.083260 0.163940
24.402689 -150.483110 0.025411 -0.157760
33.320450 -497.532462 0.035273 -0.520871
-261.561656 -218.576294 -0.274134 -0.229010
118.233793 -239.544160 0.123743 -0.250723
24.455364 -184.345677 0.025585 -0.192821
2.481113 -491.524948 0.002781 -0.514525
39.149156 -363.109783 0.040948 -0.380276
-106.770943 380.547209 -0.112009 0.398793
253.558609 148.346854 0.265373 0.155263
-60.979977 45.788668 -0.063951 0.048344
-181.446420 -44.716948 -0.190081 -0.046843
-50.666859 -285.195951 -0.053046 -0.298370
-376.518252 -64.953452 -0.394219 -0.067992
107.946604 -142.595001 0.113530 -0.149242
-195.368576 -67.548227 -0.204941 -0.070558
51.693931 -154.249078 0.054078 -0.161364
80.715771 219.748075 0.084540 0.230261
-285.481487 -119.628341 -0.298881 -0.125152
225.007594 -448.683587 0.235573 -0.470296
-6.386863 -14.688759 -0.006853 -0.015077
17.786245 -127.006323 0.018579 -0.132846
-110.603077 -68.397153 -0.115647 -0.071659
-322.815550 28.336745 -0.338049 0.029948
105.129548 -66.114656 0.109682 -0.069334
165.126484 -332.927375 0.173022 -0.348492
-48.840710 308.446519 -0.051169 0.322782
-214.449242 70.529713 -0.224453 0.073631
60.363694 -449.125237 0.063053 -0.470053
-149.161032 -3.523462 -0.156289 -0.003729
-202.485289 -186.651672 -0.212212 -0.195210
2.359104 -128.267653 0.002462 -0.134386
16.074225 40.370604 0.017071 0.042068
44.020668 261.287808 0.045973 0.273669
1.683036 50.532239 0.002052 0.053316
-124.361748 108.488516 -0.130425 0.113440
-30.891169 406.242805 -0.032537 0.425112
-133.498204 -109.897855 -0.140032 -0.115374
70.977327 -416.274400 0.074673 -0.435956
-11.769686 -212.769049 -0.012496 -0.223291
108.535888 87.069578 0.113154 0.091021
38.610687 118.624723 0.040339 0.124291
123.562056 20.200689 0.129456 0.021379
-206.359195 5.090119 -0.216250 0.005690
124.122004 124.383286 0.129866 0.130034
-50.077674 145.250910 -0.052505 0.152277
217.349257 -174.534363 0.227597 -0.182500
-191.941070 73.326445 -0.201234 0.076956
-247.913381 201.475404 -0.259632 0.210955
207.386653 243.443062 0.217174 0.254925
-22.636917 293.385268 -0.023751 0.307177
18.421097 80.651852 0.019192 0.084582
-30.563655 480.365053 -0.032127 0.503104
-237.996784 72.406826 -0.249288 0.076221
-89.566498 190.712684 -0.093602 0.199667
-529.755227 -85.170412 -0.555062 -0.089171
-230.373839 276.665928 -0.241219 0.289683
-168.304551 -295.956546 -0.176320 -0.309860
589.509156 -15.744532 0.617298 -0.016649
100.382667 -191.933231 0.104984 -0.200826
-286.035733 100.114412 -0.299381 0.105064
365.419810 -147.436917 0.382505 -0.154382
-58.806992 -37.397270 -0.061435 -0.039137
29.424278 30.277355 0.030549 0.032139
49.590306 -42.436891 0.051784 -0.044378
108.445465 -117.399753 0.113232 -0.122891
56.058787 309.598516 0.058553 0.324392
101.391597 -145.520472 0.105948 -0.152332
-283.618304 149.043929 -0.296964 0.156340
-8.629535 88.722260 -0.008690 0.093278
-83.766991 70.429327 -0.087556 0.073704
301.708984 157.397033 0.315987 0.164594
-156.760739 201.896495 -0.164323 0.211222
-66.959204 22.967502 -0.069993 0.023881
69.364441 139.598963 0.072406 0.146386
-12.033525 221.538627 -0.012424 0.232025
406.865137 257.883370 0.425871 0.270001
-327.126916 -224.267947 -0.342644 -0.234502
231.816604 -157.305774 0.242545 -0.164937
123.287004 106.970360 0.128971 0.111998
-11.490973 -64.517934 -0.012209 -0.067659
107.656287 131.906950 0.112698 0.138062
-22.623078 233.626672 -0.023554 0.244523
-111.434472 -240.603177 -0.116264 -0.252060
188.599963 152.190183 0.197500 0.159612
217.353884 113.928795 0.227555 0.119647
67.481210 -199.460115 0.070762 -0.208806
-186.620094 -182.567402 -0.195952 -0.191232
141.606927 -28.775505 0.148268 -0.030074
-223.235351 79.329507 -0.233452 0.082846
397.431575 -12.600885 0.416171 -0.013036
-0.521491 -114.063996 -0.000423 -0.119257
-417.040113 20.908132 -0.436401 0.021527
69.745725 189.149821 0.072903 0.197941
-59.132235 146.964699 -0.062319 0.153889
-105.946976 64.269482 -0.111595 0.067176
-47.233323 132.374757 -0.049749 0.138485
-73.358697 -243.746772 -0.076764 -0.254918
215.602905 42.950803 0.225819 0.044692
191.982582 -72.800386 0.201195 -0.076484
77.667371 -268.018117 0.081578 -0.280073
102.738771 124.938523 0.107592 0.130718
8.833086 -169.944019 0.009370 -0.177971
-214.301064 50.730434 -0.224590 0.053230
114.995493 366.571749 0.120434 0.384289
381.100112 -207.770608 0.399171 -0.217626
98.088886 171.983959 0.103002 0.179972
-3.903030 -300.179482 -0.003930 -0.314143
-222.088852 -44.851010 -0.232607 -0.046856
464.954600 290.232701 0.486457 0.303827
171.999900 2.113407 0.180082 0.002382
-139.130424 265.155207 -0.145454 0.277356
34.402100 3.434879 0.035857 0.003541
277.776370 -47.426424 0.291226 -0.049594
-147.884233 222.117766 -0.154725 0.232515
170.467356 305.280411 0.178383 0.319856
183.562221 -273.422518 0.191890 -0.286033
276.406820 -118.361729 0.289407 -0.124004
-15.978426 20.910425 -0.016631 0.022371
193.419565 46.641188 0.202270 0.048941
-113.239638 -160.110728 -0.118351 -0.167830
96.533349 143.086089 0.100803 0.149632
52.403559 -147.304890 0.054949 -0.154250
265.237021 -94.266095 0.277884 -0.098591
136.722768 98.686272 0.143328 0.103468
64.010643 -384.910131 0.067075 -0.403555
267.922444 -163.947840 0.280524 -0.171692
-135.359237 23.892857 -0.141675 0.025279
251.199451 22.639285 0.262965 0.023347
341.333988 171.212040 0.357465 0.179384
305.962090 -219.312604 0.320461 -0.229545
197.941842 -250.338808 0.207906 -0.262241
-45.538141 158.319942 -0.047670 0.165533
120.116618 -43.172179 0.125284 -0.045138
-100.323554 -338.499300 -0.104672 -0.354260
136.006334 -95.888777 0.142957 -0.100436
63.505092 -290.590442 0.066568 -0.304036
148.424414 -38.730110 0.155267 -0.040763
-152.750158 125.083938 -0.159696 0.131051
27.485224 123.796290 0.028432 0.129736
144.287719 -148.799519 0.151107 -0.155667
-151.980132 91.878068 -0.159231 0.096252
-46.465508 34.134978 -0.048876 0.035631
-87.369511 358.761259 -0.091440 0.375578
-158.136700 5.553890 -0.165661 0.005549
-26.914101 17.902155 -0.028130 0.018564
-91.193304 -185.429784 -0.095508 -0.194103
-211.903153 197.949120 -0.221901 0.206893
311.998369 128.160746 0.326598 0.134127
-132.578454 -268.131655 -0.138826 -0.280372
-218.280795 128.268483 -0.228727 0.134620
96.446461 109.830619 0.101277 0.115051
-35.478734 38.080321 -0.036828 0.039957
46.440706 -548.299019 0.048723 -0.574266
-301.769423 -176.668941 -0.315816 -0.185073
-13.029957 79.063657 -0.013384 0.082766
188.697967 -249.658625 0.197866 -0.261904
140.992519 45.666126 0.147424 0.047942
59.304433 -6.642302 0.062280 -0.007001
-174.741610 90.484607 -0.182809 0.094925
326.816408 -85.896393 0.342303 -0.090249
93.503288 -16.909324 0.097453 -0.017866
283.730058 0.735034 0.296904 0.000867
-54.446604 -267.019393 -0.056948 -0.279684
247.127838 -63.203240 0.259018 -0.066386
-70.478569 325.223985 -0.073733 0.340385
219.245350 -93.713068 0.229480 -0.098300
-142.379043 -220.783614 -0.148943 -0.230770
-362.337149 246.880219 -0.379397 0.258717
-461.173538 145.238423 -0.483056 0.152269
-64.161571 119.328221 -0.066823 0.124580
-232.797715 309.490993 -0.243318 0.323754
-260.162885 -10.934354 -0.272713 -0.011193
40.476995 131.774220 0.042585 0.138314
-358.942303 -30.550960 -0.375534 -0.031616
-146.386938 -428.475775 -0.153395 -0.448717
71.113935 50.076110 0.074728 0.052394
-73.128979 -94.198156 -0.076693 -0.098904
-6.012779 103.588130 -0.006201 0.108778
99.718974 63.700093 0.104515 0.066626
-242.256039 -247.087176 -0.253567 -0.258631
149.797737 -86.167451 0.156618 -0.089837
156.571351 -106.550486 0.163716 -0.111345
135.679635 -345.285138 0.142146 -0.361333
77.154347 94.698037 0.080768 0.098925
171.193752 65.129544 0.178895 0.068313
-350.362464 -71.648107 -0.366860 -0.075268
173.067095 9.979429 0.181552 0.010661
62.148122 -35.147835 0.065144 -0.037041
45.557952 -370.111173 0.047810 -0.387688
219.487004 394.006775 0.229924 0.412361
-192.117446 214.902293 -0.200954 0.224879
-181.447807 -167.821847 -0.190163 -0.175575
108.073271 145.256481 0.113258 0.152411
165.105107 -24.056387 0.172724 -0.024917
-260.528713 -22.413121 -0.272994 -0.023388
-83.584633 165.240808 -0.087242 0.173359
-255.396969 -110.944817 -0.267858 -0.116359
-21.901808 -253.077491 -0.022789 -0.264988
101.622861 241.951379 0.106532 0.253063
-269.534643 236.068503 -0.282705 0.247451
-143.576452 -1.732030 -0.150341 -0.001596
67.846793 82.114138 0.071169 0.086364
-63.713580 106.430976 -0.066669 0.111214
150.778693 138.964214 0.157894 0.145353
-88.274262 479.205513 -0.092200 0.501534
-9.327183 275.099475 -0.009640 0.288022
235.529456 382.935993 0.246601 0.401220
92.764588 114.771951 0.097003 0.120524
-108.324110 35.703901 -0.113586 0.037025
210.540040 -234.900225 0.220186 -0.246166
-68.305097 -284.798099 -0.071574 -0.298508
-98.991010 -271.446568 -0.103817 -0.284370
-384.924047 410.150491 -0.403064 0.429286
-73.000341 -330.356886 -0.076326 -0.346059
133.748101 161.455352 0.140388 0.169135
49.186756 299.294975 0.051566 0.313531
-73.875196 -231.156068 -0.077812 -0.242443
104.015902 -207.962793 0.108782 -0.217632
-94.430474 306.104063 -0.099323 0.320461
36.920717 93.916737 0.038989 0.098005
-60.234063 -154.932391 -0.062886 -0.162400
-188.431357 138.082067 -0.197420 0.144407
199.266876 129.684986 0.208813 0.135918
136.823762 13.486687 0.142988 0.014305
-87.760053 -11.894619 -0.092110 -0.012315
-248.257203 90.458134 -0.259906 0.094807
-68.230492 175.528481 -0.071661 0.183765
96.166558 37.722859 0.100996 0.039559
-131.630497 -24.037472 -0.137772 -0.024954
-133.395843 -94.908234 -0.139679 -0.099543
334.465576 448.136005 0.350487 0.469220
-12.165315 52.926138 -0.012674 0.055462
-58.044125 -82.063284 -0.060910 -0.085921
-292.064232 104.134847 -0.305875 0.109219
-277.157601 77.041079 -0.290377 0.080672
-116.029083 -13.184332 -0.121334 -0.013670
-169.853750 -254.646002 -0.178074 -0.266254
45.988968 -414.629919 0.048258 -0.433999
206.756417 -191.364085 0.216605 -0.200346
-314.665728 388.957438 -0.329583 0.407242
111.911836 -26.060781 0.117532 -0.027100
131.679596 0.866267 0.137792 0.000804
305.046519 -261.273822 0.319491 -0.273471
-115.189210 104.993130 -0.120635 0.109741
-193.450530 87.201918 -0.202497 0.091302
120.786574 166.813223 0.126551 0.174562
-154.601010 -217.585474 -0.161783 -0.227899
140.505887 -234.961942 0.147452 -0.245658
-478.059598 -135.742307 -0.500845 -0.142347
72.044113 -327.233418 0.075361 -0.342711
-31.113475 -165.023338 -0.032844 -0.172861
-126.962330 -40.626763 -0.132950 -0.042396
-83.499456 391.359578 -0.087092 0.410067
43.066336 78.966957 0.045168 0.082948
-69.755860 228.767470 -0.073231 0.239546
-9.351927 -8.772755 -0.009704 -0.009272
87.889091 424.421392 0.092088 0.444191
326.022663 108.363839 0.341488 0.113583
149.168521 -177.442040 0.156034 -0.185756
316.030642 -120.552775 0.330845 -0.126493
300.554766 73.610090 0.314822 0.076848
99.636177 -116.292924 0.104418 -0.121975
117.734689 87.618147 0.123048 0.091491
32.026805 68.906715 0.033439 0.072576
-164.333886 -34.930881 -0.172081 -0.037061
-37.423409 -51.751347 -0.039076 -0.054366
-252.641749 -322.944003 -0.264411 -0.337990
285.190775 -108.598139 0.298621 -0.113659
-225.228624 116.940149 -0.235941 0.122191
178.343390 -255.803508 0.186646 -0.267794
17.915618 122.083227 0.018723 0.127569
288.815676 223.644923 0.302552 0.234325
-142.333235 84.765817 -0.149461 0.088679
210.361727 -41.671199 0.220011 -0.043498
-255.247557 -218.001652 -0.267211 -0.228229
8.298183 303.839413 0.009035 0.318204
270.151366 -62.671518 0.282921 -0.065553
82.816207 18.447216 0.086939 0.019446
654.361512 344.552973 0.685225 0.360926
51.323584 161.239964 0.054212 0.168779
-160.929072 101.778128 -0.168450 0.106378
61.944294 219.067140 0.064842 0.229425
-69.316834 462.938140 -0.072441 0.485090
350.566958 14.202354 0.366941 0.015091
-413.186525 326.979778 -0.432859 0.342078
-92.253027 -304.282940 -0.096406 -0.318365
-141.682885 -54.427918 -0.148033 -0.056994
-237.969687 20.243562 -0.249088 0.021332
-141.020607 -275.046773 -0.147867 -0.288718
-34.409676 -377.369304 -0.036133 -0.395392
56.898903 -98.278437 0.059370 -0.103195
-91.482918 264.556888 -0.095339 0.276930
-123.108541 -119.701668 -0.128704 -0.125412
-279.038934 -67.932611 -0.292363 -0.071353
49.057412 184.992912 0.051207 0.193470
309.851334 -163.276312 0.324675 -0.170774
47.609795 -92.521461 0.049905 -0.096674
-171.549672 191.937521 -0.179714 0.200869
-220.854630 70.040120 -0.231600 0.073344
175.333651 154.456099 0.183636 0.161791
-27.189231 -36.253508 -0.028241 -0.038235
-183.345359 -95.934532 -0.191929 -0.100491
-206.990794 303.588034 -0.216569 0.318197
95.785417 70.379735 0.100249 0.073476
81.738895 224.688672 0.085755 0.235302
23.231125 -248.955387 0.024263 -0.261084
-0.288381 89.235093 -0.000109 0.092985
233.064719 -242.754142 0.244087 -0.254026
127.372376 -17.114995 0.133292 -0.017670
-7.074448 313.025869 -0.007737 0.327776
100.056603 339.878812 0.105188 0.355819
32.340769 -48.835951 0.033729 -0.051229
-22.665515 -270.820412 -0.023822 -0.283726
-37.853248 -221.644255 -0.039799 -0.232179
-21.188948 -14.675268 -0.022103 -0.015357
210.948849 -119.751312 0.220144 -0.125317
387.211946 -206.486860 0.405707 -0.216343
-135.959367 -259.465118 -0.142105 -0.271639
183.307778 -207.034198 0.192137 -0.216767
211.140757 -201.174904 0.220909 -0.210664
-10.302638 -292.705045 -0.011073 -0.306838
-185.207938 -247.452679 -0.193982 -0.258938
231.089203 245.248421 0.242279 0.256871
264.547968 170.632521 0.276931 0.178928
-236.236611 71.429892 -0.247369 0.074804
78.987094 -72.493816 0.082313 -0.075774
-92.296834 -65.906623 -0.096748 -0.069023
131.008145 -464.460951 0.137089 -0.486469
-86.105986 -118.230615 -0.089846 -0.124016
115.492108 -181.011027 0.120774 -0.189531
-280.065324 210.001468 -0.293344 0.220110
-72.891185 -366.769728 -0.076631 -0.384228
140.931469 -71.669148 0.147772 -0.074930
-191.408623 57.379762 -0.200474 0.059958
